401.9096
0.120576
-566.1125
349.2772
0.1061525
-565.5313
401.8263
0.1010509
-561.0222
349.4145
0.0882078
-560.6224
401.743
0.08153211
-555.9326
349.5518
0.07025665
-555.7128
401.6596
0.06201976
-550.8437
349.6891
0.0522991
-550.8024
401.5763
0.04251381
-545.7556
349.8264
0.03433514
-545.8912
401.493
0.02301428
-540.6683
349.9637
0.01636477
-540.9794
401.3634
0.0187939
-535.7724
349.9943
0.01227665
-535.8765
401.2252
0.0174346
-530.9116
350.005
0.01079008
-530.7386
401.087
0.01607488
-526.05
350.0157
0.009303916
-525.6016
400.9488
0.01471475
-521.1877
350.0263
0.007818168
-520.4653
400.8106
0.01335421
-516.3246
350.037
0.006332836
-515.3298
400.6725
0.01199326
-511.4607
350.0476
0.004847916
-510.1951
400.5343
0.01063189
-506.596
350.0582
0.003363408
-505.0611
400.3873
0.00996963
-501.6102
350.0701
0.002656668
-500.0483
400.2318
0.009969682
-496.5109
350.0832
0.00268612
-495.1492
400.0763
0.009969749
-491.4123
350.0963
0.002715558
-490.2495
399.9208
0.009969832
-486.3143
350.1094
0.002744979
-485.349
399.7653
0.00996993
-481.217
350.1225
0.002774386
-480.4478
399.6098
0.009970043
-476.1204
350.1357
0.002803777
-475.5461
399.4542
0.00997017
-471.0244
350.1488
0.002833154
-470.6436
399.2987
0.009970314
-465.9291
350.162
0.002862515
-465.7404
399.1431
0.009970473
-460.8345
350.1751
0.00289186
-460.8367
398.9774
0.05929448
-455.7574
350.1719
0.004067227
-455.9159
398.8104
0.1148261
-450.6829
350.1665
0.005558401
-450.9926
398.6434
0.1701799
-445.6089
350.1611
0.007227436
-446.0687
398.4765
0.2253557
-440.5355
350.1557
0.00907433
-441.1444
398.3095
0.2803538
-435.4625
350.1503
0.01109907
-436.2195
398.1425
0.335174
-430.3901
350.1449
0.01330169
-431.2942
397.9756
0.3898161
-425.3181
350.1395
0.01568213
-426.3683
397.791
0.6633049
-420.1841
350.1398
0.2430964
-421.5266
397.5899
1.142751
-414.9926
350.1454
0.6822956
-416.7628
397.3888
1.62203
-409.8028
350.1508
1.121662
-411.9973
397.1707
2.091019
-404.6666
350.1565
1.570381
-407.1787
396.7543
2.443964
-400.1259
350.1638
2.124324
-401.7696
396.3376
2.79878
-395.5771
350.1712
2.676396
-396.3685
395.9208
3.155467
-391.0203
350.1789
3.226597
-390.9755
395.7168
3.855249
-386.1429
350.0728
3.966171
-385.9716
395.6417
4.762058
-381.0743
349.8976
4.821077
-381.2003
395.5665
5.668988
-376.005
349.7225
5.675869
-376.4298
395.4914
6.576034
-370.9351
349.5474
6.530542
-371.6599
395.4163
7.483197
-365.8645
349.3723
7.385099
-366.8907
395.3344
8.5327
-360.8441
349.2254
8.397026
-362.1356
395.2432
9.777971
-355.8938
349.1175
9.625648
-357.3994
395.1521
11.02325
-350.9433
349.0096
10.85426
-352.6633
395.0609
12.26854
-345.9928
348.9017
12.08286
-347.9273
395.001
13.59356
-341.0841
348.7821
13.35452
-343.183
395.001
15.07199
-336.256
348.6401
14.70866
-338.4223
395.001
16.55082
-331.4276
348.4981
16.0624
-333.6618
395.001
18.03004
-326.5991
348.3561
17.41576
-328.9015
394.994
19.49713
-321.8128
348.2063
18.81857
-324.1105
394.9768
20.94608
-317.0883
348.0449
20.29373
-319.2743
394.9597
22.39496
-312.3641
347.8835
21.76898
-314.4378
394.9425
23.84375
-307.6403
347.7221
23.24431
-309.6009
394.9253
25.29245
-302.9169
347.5608
24.71973
-304.7637
394.9082
26.74108
-298.1938
347.3994
26.19522
-299.9261
394.8876
28.21914
-293.4181
347.2307
27.67508
-295.1517
394.8668
29.69917
-288.6388
347.0615
29.15522
-290.3817
394.8459
31.1792
-283.8595
346.8923
30.63538
-285.6116
394.8251
32.65923
-279.0802
346.7231
32.11555
-280.8416
394.8175
34.13939
-274.4286
346.4961
33.49869
-275.9156
394.8151
35.62018
-269.8303
346.2457
34.84206
-270.9249
394.8128
37.10164
-265.2339
345.9952
36.18477
-265.9322
394.8105
38.58377
-260.6396
345.7447
37.5268
-260.9376
394.8082
40.06659
-256.0473
345.4942
38.86815
-255.9408
394.8021
41.42059
-251.2608
345.251
40.17407
-251.0918
394.7949
42.73402
-246.4126
345.0101
41.46893
-246.2899
394.8067
43.82111
-241.4502
344.814
42.52195
-241.494
394.8306
44.76281
-236.4137
344.6466
43.41942
-236.7027
394.8545
45.70465
-231.3763
344.4792
44.31673
-231.9124
394.881
46.60679
-226.3652
344.3175
45.1833
-227.0828
394.909
47.48404
-221.3707
344.1592
46.03057
-222.2285
394.937
48.36138
-216.3757
344.001
46.87775
-217.3748
394.965
49.23881
-211.3802
343.8428
47.72484
-212.5215
394.5803
50.20857
-206.0162
343.6973
48.51096
-208.0581
393.8448
51.10399
-201.1223
343.8702
49.37088
-203.1245
392.6829
51.82386
-197.2161
344.6188
50.38903
-197.1922
391.5443
52.49178
-193.7175
345.4911
51.47688
-190.8542
390.5087
52.96518
-191.7741
346.7806
52.82201
-182.9682
391.4709
53.29966
-189.752
350.4927
54.1758
-176.4295
392.6627
53.64511
-187.6185
354.3934
55.50629
-170.1221
394.4211
53.94492
-184.4039
357.9127
56.50014
-164.9509
396.5876
54.2036
-180.4318
361.1632
57.24819
-160.5784
398.6113
54.72177
-177.9058
365.6656
58.01538
-155.6746
400.6281
55.30728
-175.7065
370.456
58.7858
-150.6758
403.4133
55.99984
-173.026
374.6541
59.4037
-146.3247
406.946
56.79997
-169.8972
378.2826
59.86816
-142.59
410.4343
57.57684
-166.8908
382.07
60.33456
-138.9206
413.172
57.85653
-166.1418
388.8171
60.88686
-136.6145
416.0152
58.14875
-165.3073
395.4588
61.42661
-134.3939
418.0503
58.4549
-164.7745
402.9184
61.83543
-131.8728
420.075
58.76268
-164.2444
410.3893
62.2346
-129.3492
424.2542
59.23986
-163.1556
415.9357
62.42715
-128.2529
428.9006
59.74935
-161.9465
421.0652
62.5793
-127.4657
432.6303
59.95797
-161.608
427.3129
62.65148
-127.2908
436.3535
60.15325
-161.3016
433.5753
62.72143
-127.1445
440.1086
60.34735
-160.9917
439.806
62.79256
-127.0017
445.2523
60.70408
-160.9349
444.6509
62.8357
-126.8896
450.7708
61.10638
-160.9473
449.122
62.86975
-126.7854
456.2933
61.51015
-160.9595
453.589
62.90234
-126.6812
461.1876
61.79055
-160.9705
458.6858
63.03072
-126.6557
466.079
62.07048
-160.9814
463.7854
63.15944
-126.6304
470.9704
62.35049
-160.9924
468.8851
63.28809
-126.6052
475.6957
62.61229
-160.9881
474.1487
63.46742
-126.7327
480.4174
62.87307
-160.9831
479.4158
63.64897
-126.866
485.1416
63.1335
-160.9781
484.6805
63.83087
-126.9994
490.0727
63.37341
-160.9584
489.7384
64.03372
-127.1275
495.0931
63.60443
-160.9324
494.7072
64.24566
-127.2533
500.1132
63.83538
-160.9064
499.6763
64.45766
-127.379
505.1851
64.05666
-160.8801
504.5944
64.66953
-127.3965
510.2648
64.27645
-160.8537
509.5047
64.88136
-127.3973
515.3364
64.49099
-160.7986
514.4211
65.07696
-127.3261
520.3723
64.68272
-160.6165
519.3633
65.20089
-126.9383
525.4088
64.87489
-160.4345
524.3049
65.32438
-126.5504
530.4459
65.06749
-160.2525
529.246
65.44743
-126.1625
535.8857
65.21037
-159.7507
533.7648
65.58513
-125.8078
541.329
65.35255
-159.2446
538.28
65.72304
-125.4534
546.6321
65.4925
-158.7515
542.9219
65.86053
-124.9599
551.6479
65.62783
-158.2851
547.8236
65.99712
-124.1767
556.6643
65.76318
-157.8187
552.7245
66.13369
-123.3936
562.7736
65.88049
-156.5397
556.3001
66.11848
-122.2147
569.0159
65.99801
-155.1794
559.7214
66.08756
-121.0069
574.8294
66.07069
-153.5188
563.4382
66.06473
-119.6928
579.8577
66.06432
-151.3595
567.7125
66.05836
-118.185
584.8777
66.05795
-149.2033
571.9952
66.05199
-116.6739
589.8892
66.05158
-147.0504
576.2864
66.04562
-115.1597
596.1834
66.04427
-144.3477
579.22
66.03909
-114.0111
601.8318
66.03989
-141.1218
582.08
66.03516
-112.2474
606.2753
66.04013
-137.1908
585.0543
66.03522
-109.4727
610.7189
66.04036
-133.2596
588.0284
66.03528
-106.6983
615.1627
66.0406
-129.3283
591.0023
66.03533
-103.924
618.7322
66.04081
-126.1305
594.8102
66.03536
-100.3717
622.2894
66.04103
-122.943
598.6298
66.0354
-96.80852
625.8458
66.04125
-119.7563
602.4503
66.03544
-93.24446
629.4743
66.04138
-115.9982
605.6778
66.03542
-89.77888
633.223
66.0414
-111.3121
607.9426
66.03529
-86.47559
636.9744
66.0414
-106.6233
610.2045
66.03517
-83.17515
640.4047
66.0414
-102.3236
612.734
66.03535
-79.44557
643.8282
66.0414
-98.03186
615.2682
66.03554
-75.70651
647.2578
66.04139
-93.7326
617.7964
66.03573
-71.97491
649.8573
66.04348
-88.97445
619.8345
66.03753
-67.91866
652.1781
66.04627
-84.06531
621.7106
66.03988
-63.75169
654.4984
66.04906
-79.15704
623.5872
66.04222
-59.58397
656.7854
66.04993
-74.12941
625.3209
66.04282
-55.46333
658.9554
66.04388
-68.65858
626.528
66.03706
-51.52232
661.1294
66.03781
-63.17989
627.7312
66.0313
-47.58905
663.3073
66.03175
-57.69349
628.9305
66.02553
-43.6636
664.1448
65.78247
-51.56806
629.2704
65.77924
-39.90319
664.8189
65.50447
-45.38394
629.5137
65.50449
-36.14533
665.4879
65.22649
-39.2172
629.7622
65.22971
-32.37019
666.0577
64.82136
-33.48876
629.9998
64.88099
-28.16034
666.6271
64.41454
-27.7603
630.2366
64.53159
-23.95068
666.8765
63.92694
-22.11008
630.3754
64.15955
-19.6538
666.8565
63.37206
-16.53202
630.4327
63.76796
-15.27744
666.8365
62.81773
-10.95799
630.4901
63.37579
-10.89692
666.7875
62.37274
-5.907234
630.4753
62.84697
-5.996115
666.7346
61.943
-0.9297597
630.4503
62.29904
-1.0223
666.6817
61.51317
4.047652
630.4254
61.75121
3.951457
666.6293
61.02854
8.963957
630.4001
61.21734
8.982313
666.5774
60.51786
13.85121
630.3746
60.69011
14.04014
666.5494
59.98025
18.83896
630.3522
60.16832
18.9953
666.6008
59.35369
24.15873
630.3397
59.66466
23.61075
666.652
58.72686
29.48003
630.3272
59.16127
28.22468
666.7222
58.15743
34.59194
630.3196
58.5513
33.04204
666.8217
57.67792
39.37616
630.3196
57.7751
38.17753
666.9211
57.19911
44.1596
630.3196
56.9982
43.31392
667.0179
56.55533
48.81887
630.3196
56.2724
48.5593
667.1147
55.90622
53.47252
630.3196
55.54811
53.80993
667.2388
55.25465
58.28653
630.3196
54.86314
58.90454
667.4262
54.59676
63.47834
630.3196
54.27016
63.63192
667.6136
53.93854
68.67242
630.3196
53.67753
68.35691
667.9136
53.35501
73.70747
630.3196
53.11012
73.25017
668.2352
52.78595
78.71191
630.3196
52.54765
78.17569
668.5437
51.98198
83.51277
630.3195
52.01263
83.27698
668.8372
50.90878
88.07811
630.3195
51.51203
88.58205
669.1305
49.83099
92.63757
630.3196
51.016
93.8931
669.4703
48.9314
97.92372
630.4563
50.34654
98.47066
669.897
48.11341
103.0743
630.7593
49.63201
103.1661
670.5799
47.4583
107.3419
631.5267
48.87134
108.6904
671.2933
46.7359
111.5973
632.2946
48.14818
114.2175
672.1019
45.80087
115.8052
633.0649
47.54377
119.763
672.9097
44.86412
120.0058
633.8363
46.9411
125.3156
673.7164
43.92562
124.1994
634.6085
46.34016
130.8753
674.5176
43.12563
128.1675
635.6459
45.37557
136.5746
675.3162
42.36544
132.0691
636.7582
44.30829
142.3167
676.1258
41.60949
135.9601
637.8915
43.24254
148.0621
677.2868
40.95028
139.6976
639.5972
42.24662
153.7604
678.5439
40.16047
143.7662
641.1622
41.28622
159.1227
679.9749
39.13726
148.4312
642.4747
40.39075
163.8801
681.4056
38.11361
153.096
643.7874
39.49575
168.6377
683.8311
37.53807
155.1337
646.2515
38.33257
175.1172
686.2151
37.04694
156.7031
648.9603
37.10204
181.979
688.4576
36.59963
158.0433
651.8108
35.82767
189.0701
691.3773
36.0586
160.0284
656.4329
35.14392
193.3899
694.431
35.497
162.1506
661.3438
34.56654
197.2053
697.4882
34.93537
164.2762
666.2513
33.98918
201.0174
701.0693
34.45111
165.8252
671.5355
33.5338
203.9583
704.7111
33.97614
167.3029
676.8675
33.09316
206.7959
708.8362
33.53279
168.9692
681.915
32.796
209.0208
713.2752
33.11059
170.7588
686.777
32.59069
210.8487
717.7155
32.68929
172.5492
691.6378
32.38448
212.6757
722.1572
32.26888
174.3405
696.4971
32.17737
214.5019
725.6753
32.13159
175.4973
702.5083
31.80087
216.2685
728.613
32.17893
176.2458
709.2554
31.31722
217.9704
731.697
32.1688
176.9902
715.8745
30.87539
219.5809
735.5657
31.72699
177.4345
721.8749
30.72495
220.6339
739.4355
31.28534
177.8792
727.8741
30.57435
221.6867
743.2901
30.86388
178.2854
733.8994
30.42729
222.6533
746.9814
30.64846
178.2939
740.2018
30.31803
222.7381
750.6808
30.43338
178.303
746.4963
30.20844
222.8221
754.3882
30.21862
178.3128
752.7824
30.09852
222.9055
758.1039
30.0042
178.3233
759.0606
29.98827
222.9883
762.6547
29.90996
178.3284
764.5067
29.93741
223.0263
767.9185
29.91885
178.3284
769.2424
29.93781
223.0263
773.1819
29.92775
178.3284
773.9782
29.93821
223.0263
777.9999
29.93519
178.3284
779.1597
29.94549
223.0273
782.7808
29.9425
178.3284
784.3782
29.95335
223.0283
787.5615
29.94982
178.3284
789.597
29.96121
223.0293
792.426
29.95716
178.3271
794.7318
29.9688
223.0308
797.6226
29.96457
178.3207
799.5348
29.97532
223.0339
802.819
29.97199
178.3144
804.3378
29.98184
223.037
808.0154
29.9794
178.308
809.1409
29.98836
223.0401
813.0719
29.98759
178.3009
814.0836
29.99485
223.0433
817.8478
29.99732
178.2925
819.3072
30.00126
223.0467
822.6235
30.00706
178.2841
824.531
30.00768
223.0501
827.3988
30.0168
178.2758
829.755
30.01408
223.0535
832.4428
30.02026
178.2723
834.7105
30.01562
223.0546
837.7584
30.01739
178.2739
839.3944
30.01224
223.0533
843.0738
30.01451
178.2754
844.0786
30.00886
223.0521
848.3887
30.01163
178.277
848.7629
30.00548
223.0509
853.5626
30.00922
178.2792
853.5885
30.00264
223.0493
858.0583
30.00904
178.2847
859.0923
30.00239
223.0465
862.5533
30.00885
178.2901
864.5969
30.00214
223.0436
867.0475
30.00867
178.2956
870.1019
30.00188
223.0406
871.9246
30.00856
178.3015
875.2243
30.00181
223.0379
877.1141
30.00851
178.3078
880.0343
30.00188
223.0354
882.3033
30.00846
178.3142
884.8445
30.00196
223.0329
887.4921
30.00841
178.3205
889.655
30.00203
223.0303
892.875
30.00842
178.3228
894.2716
30.00222
223.0292
898.2707
30.00844
178.3248
898.8755
30.00241
223.0282
903.6661
30.00846
178.3269
903.4796
30.00261
223.0271
908.8459
30.0085
178.3284
908.2991
30.00267
223.0263
913.3387
30.00859
178.3284
913.8058
30.0023
223.0263
917.831
30.00867
178.3284
919.3132
30.00194
223.0263
922.3224
30.00876
178.3284
924.821
30.00158
223.0263
926.9852
30.00886
178.2663
930.157
30.0014
223.0263
932.1067
30.009
178.0385
935.0325
30.00169
223.0262
937.2294
30.00913
177.8106
939.9066
30.00199
223.0262
942.3531
30.00926
177.5827
944.7795
30.00229
223.0263
946.4757
30.00954
176.8787
950.5481
30.00246
222.2825
950.5538
30.00982
176.1569
956.3571
30.00263
221.5091
954.6263
30.01011
175.4357
962.1718
30.00279
220.7351
959.4858
30.01032
174.3866
967.1549
30.00311
220.0362
964.9619
30.01048
173.0844
971.4881
30.00354
219.3967
970.1177
30.01053
171.8254
976.1082
30.00389
218.5836
972.893
30.00983
170.8881
982.8682
30.00356
216.5098
975.7151
30.00914
169.9252
989.5717
30.00323
214.4355
979.2844
30.009
168.2804
995.2067
30.0029
212.1726
982.8469
30.00885
166.6382
1000.849
30.00256
209.9071
986.2162
30.00887
164.7246
1006.344
30.00244
207.317
989.1293
30.00931
162.1642
1011.486
30.00286
203.953
992.027
30.00974
159.612
1016.644
30.00328
200.5807
994.653
30.00991
157.1149
1021.848
30.00338
196.8659
997.077
30.00989
154.6687
1027.098
30.00327
192.9016
999.4736
30.00987
152.2436
1032.376
30.00315
188.916
1001.883
30.00974
149.6138
1036.621
30.00317
184.1569
1004.331
30.00953
146.8403
1040.268
30.00325
179.0025
1006.804
30.00933
144.0389
1043.889
30.00334
173.8761
1008.718
30.00918
140.6971
1046.854
30.0033
168.5363
1010.409
30.00906
137.1442
1049.565
30.0032
163.1106
1012.104
30.00893
133.5853
1052.273
30.00311
157.691
1013.803
30.0088
130.0203
1054.976
30.00302
152.2778
1014.843
30.00875
126.2656
1056.822
30.00293
146.4912
1015.727
30.00873
122.4632
1058.462
30.00283
140.6178
1016.611
30.0087
118.6571
1060.1
30.00274
134.7483
1017.498
30.00867
114.8472
1061.737
30.00265
128.8823
1017.916
30.00874
110.8954
1062.495
30.00277
122.9576
1018.069
30.00887
106.8546
1062.751
30.003
117.0071
1018.223
30.00899
102.8026
1063.004
30.00324
111.0681
1018.381
30.00912
98.7392
1063.254
30.00347
105.1404
1018.334
30.00926
94.54727
1063.423
30.00365
99.3418
1017.869
30.00944
90.12025
1063.431
30.00372
93.77979
1017.404
30.00961
85.70354
1063.438
30.00378
88.2077
1016.938
30.00979
81.29698
1063.447
30.00385
82.62523
1016.428
30.0099
76.89648
1063.452
30.00386
77.03906
1015.876
30.00992
72.50536
1063.452
30.00382
71.44587
1015.325
30.00994
68.12881
1063.452
30.00378
65.83835
1014.511
30.00963
63.49818
1063.706
30.00302
60.48513
1013.675
30.0093
58.85892
1063.981
30.00219
55.14059
1012.841
30.00898
54.23421
1064.255
30.00135
49.78149
1012.235
30.00879
50.99528
1064.286
30.00074
43.03766
1011.839
30.0087
48.90509
1064.097
30.00031
35.14541
1011.501
30.00861
47.00547
1063.851
29.99987
27.06262
1011.22
30.00852
45.29643
1063.547
29.99943
18.78947
1009.667
30.00867
42.17765
1062.262
29.99952
12.39781
1007.77
30.00888
38.66586
1060.689
29.99976
6.531656
1005.898
30.00908
35.19361
1059.091
30.00001
0.6259537
1004.05
30.00928
31.76099
1057.468
30.00027
-5.31916
1002.187
30.00946
28.36434
1055.732
30.0005
-11.23978
999.8908
30.00953
24.956
1053.002
30.0004
-16.47588
997.6088
30.00961
21.56445
1050.258
30.00031
-21.72876
995.3413
30.00968
18.18976
1047.499
30.00021
-26.9983
993.088
30.00976
14.83178
1044.726
30.00011
-32.28475
990.8491
30.00983
11.49058
1041.938
30.00001
-37.58798
988.2787
30.00981
8.111609
1038.842
29.99993
-42.39828
985.2551
30.00967
4.666162
1035.351
29.99985
-46.53819
982.2329
30.00953
1.222059
1031.858
29.99978
-50.67963
979.2122
30.00938
-2.220629
1028.363
29.9997
-54.82248
976.1931
30.00923
-5.661806
1024.867
29.99963
-58.96666
972.8702
30.0091
-8.892937
1021.177
29.99951
-62.81164
969.1092
30.00899
-11.82226
1017.207
29.99933
-66.22448
965.3492
30.00888
-14.75059
1013.236
29.99915
-69.63831
961.5906
30.00877
-17.67786
1009.264
29.99897
-73.05303
957.8329
30.00866
-20.60423
1005.29
29.99879
-76.46883
954.0764
30.00855
-23.52961
1001.316
29.99861
-79.8856
951.3944
30.00862
-24.82592
994.7535
29.99886
-82.36771
948.6942
30.00869
-26.10619
988.1661
29.99912
-84.79205
945.944
30.00877
-27.41775
981.6284
29.99938
-87.18518
943.1439
30.00884
-28.76056
975.1406
29.99964
-89.54706
940.2938
30.00892
-30.13462
968.7028
29.9999
-91.87769
936.49
30.00888
-31.40345
962.6433
30.00084
-91.57524
932.4453
30.00885
-32.6576
956.6945
30.00191
-90.66943
928.3651
30.00886
-33.92632
950.7813
30.00294
-89.74905
924.2496
30.00889
-35.20958
944.9036
30.00393
-88.81413
920.6665
30.00893
-36.15317
938.4937
30.00432
-87.97131
918.0936
30.00891
-36.42167
931.0745
30.00358
-87.31857
915.3848
30.00887
-36.71114
923.7911
30.00286
-86.64487
912.5403
30.00879
-37.02157
916.6437
30.00218
-85.95021
909.56
30.00869
-37.35299
909.6319
30.00152
-85.23456
905.7791
30.00864
-37.62341
903.4185
30.00118
-84.74882
900.6473
30.00874
-37.73981
898.5515
30.00142
-84.74891
895.5164
30.00883
-37.85624
893.6837
30.00166
-84.74898
890.386
30.00893
-37.97269
888.8153
30.0019
-84.74902
885.2563
30.00903
-38.08917
883.9462
30.00214
-84.74903
880.1273
30.00913
-38.20567
879.0763
30.00237
-84.74902
875.0516
30.00969
-38.28321
874.1533
30.00239
-84.76131
870.0802
30.01116
-38.28326
869.1252
30.00198
-84.79809
865.1088
30.01264
-38.2833
864.0971
30.00155
-84.83486
860.1376
30.01412
-38.28335
859.0692
30.00113
-84.87164
855.1664
30.0156
-38.28339
854.041
30.00071
-84.90841
850.1952
30.01708
-38.28345
849.0127
30.00028
-84.94518
845.2241
30.01857
-38.28349
843.9844
29.99986
-84.98194
840.2154
30.0197
-38.28355
838.9938
30.00124
-84.98402
835.1799
30.02059
-38.2836
834.0298
30.00392
-84.96135
830.1444
30.02148
-38.28365
829.0658
30.0066
-84.93869
825.1091
30.02237
-38.2837
824.1017
30.00927
-84.91602
820.0738
30.02326
-38.28376
819.1378
30.01195
-84.89336
815.0384
30.02415
-38.28381
814.1736
30.01462
-84.8707
810.0031
30.02504
-38.28386
809.2094
30.0173
-84.84803
804.9678
30.02594
-38.28392
804.2452
30.01997
-84.82536
799.9327
30.02683
-38.28397
799.2811
30.02264
-84.80269
794.8975
30.02773
-38.28403
794.3168
30.02531
-84.78002
789.8624
30.02863
-38.28409
789.3525
30.02798
-84.75735
784.8791
30.02476
-38.28413
784.3365
30.02352
-84.74995
779.921
30.01857
-38.28417
779.2952
30.01558
-84.74998
774.9628
30.01237
-38.28421
774.2538
30.00763
-84.75003
769.8464
30.09958
-38.28424
769.374
30.08995
-84.75008
764.5635
30.28497
-38.28426
764.6642
30.26714
-84.75012
759.2803
30.47037
-38.28429
759.9545
30.44434
-84.75017
753.9968
30.65578
-38.28432
755.245
30.62153
-84.75021
748.7132
30.84118
-38.28436
750.5357
30.79872
-84.75024
743.4294
31.02658
-38.2844
745.8268
30.9759
-84.75026
738.1454
31.212
-38.28445
741.1179
31.15308
-84.75028
732.8611
31.39741
-38.28452
736.4093
31.33026
-84.7503
727.9276
32.20621
-38.27853
731.486
32.12955
-84.74582
723.0496
33.11314
-38.27161
726.5288
33.02675
-84.74063
718.1713
34.02008
-38.26467
721.5716
33.92398
-84.73545
713.2932
34.92702
-38.25774
716.6144
34.82121
-84.73026
708.4149
35.83397
-38.25081
711.6572
35.71844
-84.72507
703.5367
36.74088
-38.24388
706.7002
36.61565
-84.71989
698.6586
37.64782
-38.23695
701.743
37.51287
-84.71471
693.8055
38.54173
-38.22222
696.7576
38.40542
-84.70232
689.0209
39.40031
-38.18633
691.6954
39.28523
-84.67043
684.236
40.2589
-38.15045
686.6332
40.16506
-84.63852
679.4511
41.11751
-38.11457
681.5711
41.04489
-84.60661
674.6662
41.97612
-38.0787
676.5091
41.92471
-84.57471
669.8744
42.77487
-38.01925
671.4341
42.7311
-84.51797
665.0684
43.45244
-37.91204
666.3325
43.38883
-84.41092
660.2623
44.13001
-37.80483
661.2309
44.04656
-84.30388
655.4562
44.80758
-37.69762
656.1293
44.7043
-84.19684
650.6502
45.48512
-37.59041
651.028
45.36201
-84.08978
645.9739
46.11829
-37.4857
645.7901
46.01276
-83.97536
641.4194
46.70987
-37.38334
640.4242
46.65698
-83.85403
636.8652
47.30143
-37.28098
635.0582
47.30121
-83.7327
632.3113
47.89296
-37.17863
629.692
47.94544
-83.61135
627.7574
48.48449
-37.07629
624.3255
48.58969
-83.49
622.9523
48.82774
-36.95961
619.1708
48.95686
-83.34971
617.9456
48.97151
-36.83142
614.1865
49.10142
-83.19421
612.9386
49.11529
-36.70323
609.2021
49.24597
-83.03872
607.9317
49.25908
-36.57504
604.2177
49.39052
-82.88322
602.9248
49.40285
-36.44686
599.2333
49.53508
-82.72772
597.918
49.54663
-36.31867
594.249
49.67963
-82.57222
592.6998
49.64544
-36.20615
589.4723
49.75642
-82.44325
587.4236
49.73177
-36.09798
584.7527
49.81447
-82.32161
582.1478
49.81807
-35.98983
580.0327
49.87255
-82.19994
576.8726
49.90434
-35.88171
575.3123
49.93064
-82.07825
571.5978
49.99059
-35.77361
570.5912
49.98877
-81.95654
566.4995
50.00059
-35.47953
565.6917
49.99651
-82.06769
561.4102
50.00603
-35.17429
560.7831
50.00123
-82.1928
556.3193
50.01148
-34.86905
555.8764
50.00595
-82.31793
551.2265
50.01693
-34.56377
550.9713
50.01066
-82.44309
545.8978
50.02976
-33.90929
546.3051
50.0222
-82.80017
540.5091
50.044
-33.18952
541.6996
50.03499
-83.20056
535.4163
50.04131
-32.62311
536.7952
50.03387
-83.56191
530.4221
50.03317
-32.10564
531.7913
50.02834
-83.91084
524.5598
50.02548
-31.57845
527.6552
50.02279
-84.29864
515.5989
50.01937
-31.14002
526.6169
50.01708
-84.69101
506.1265
50.01321
-30.89522
526.09
50.01141
-84.88975
496.1428
50.00702
-30.84408
526.0743
50.00579
-84.89484
485.6477
50.00078
-30.98658
526.5699
50.0002
-84.70628
481.5216
50.00097
-38.13259
527.2791
49.99936
-84.12927
481.0832
50.00441
-48.4173
527.714
50.00108
-83.84433
480.8949
50.00772
-58.18735
527.8987
50.00292
-84.0733
480.9567
50.01091
-67.44397
527.8334
50.00488
-84.81621
481.2686
50.01398
-76.18665
527.5179
50.00695
-86.07304
481.8305
50.01692
-84.41541
526.9523
50.00916
-87.8438
482.0766
50.02254
-90.5021
526.7051
50.01427
-91.7566
482.0766
50.02957
-95.6729
526.7051
50.02082
-96.58526
482.0766
50.03659
-100.8437
526.7051
50.02737
-101.414
482.0766
50.04361
-106.0141
526.7051
50.03393
-106.2425
482.0766
50.04494
-111.045
526.7051
50.03526
-111.2111
482.0766
50.03881
-115.8931
526.7051
50.02978
-116.3625
482.0766
50.03268
-120.7411
526.7051
50.02428
-121.514
482.0766
50.02656
-125.5891
526.7051
50.0188
-126.6655
482.0766
50.02044
-130.4371
526.7051
50.01331
-131.817
482.0954
50.01663
-135.3791
526.7465
50.00981
-136.8741
482.1327
50.01511
-140.4137
526.8287
50.00827
-141.8383
482.17
50.01358
-145.4481
526.9109
50.00673
-146.8023
482.2073
50.01205
-150.4828
526.9931
50.00519
-151.7664
482.2446
50.01053
-155.5176
527.0753
50.00365
-156.7304
482.2819
50.00901
-160.5524
527.1575
50.0021
-161.6944
482.3192
50.00748
-165.5873
527.2397
50.00056
-166.6582
482.7774
50.00729
-170.4567
527.9256
49.99996
-171.7034
483.388
50.00758
-175.2648
528.8298
49.99969
-176.7795
483.9985
50.00787
-180.0709
529.7338
49.99943
-181.8571
484.6092
50.00816
-184.8755
530.6378
49.99916
-186.9367
485.2127
50.00739
-189.9018
531.236
49.99911
-191.8339
485.8112
50.00585
-195.0841
531.6181
49.99924
-196.603
486.4097
50.00432
-200.2643
532.0001
49.99935
-201.374
487.0083
50.00281
-205.4426
532.3821
49.99945
-206.1471
487.607
50.0013
-210.6189
532.764
49.99955
-210.9221
488.2056
49.9998
-215.7933
533.1459
49.99964
-215.6991
488.8966
50.00422
-222.6147
533.8261
50.0042
-218.7796
489.6339
50.01062
-230.0739
534.5903
50.01027
-221.2065
490.3893
50.01703
-237.6326
535.3367
50.01632
-223.534
490.7485
50.01887
-243.2311
535.9915
50.01723
-227.8734
490.7722
50.01696
-247.1638
536.5831
50.01394
-233.9213
490.7947
50.01505
-251.0904
537.1759
50.01064
-239.9753
490.816
50.01315
-255.0109
537.77
50.00734
-246.0353
490.836
50.01125
-258.9251
538.3653
50.00403
-252.1012
490.8548
50.00936
-262.8334
538.9619
50.00072
-258.1734
490.8723
50.00747
-266.7356
539.5596
49.99741
-264.2518
490.9018
50.00932
-271.6919
539.9385
49.99989
-269.2866
490.9317
50.01129
-276.6826
540.3101
50.00256
-274.2873
490.9616
50.01325
-281.6731
540.6819
50.00524
-279.2883
490.9914
50.01521
-286.6634
541.0535
50.00792
-284.2894
491.0213
50.01716
-291.6535
541.4252
50.01062
-289.2907
491.0284
50.01661
-297.6735
541.6106
50.00995
-293.2663
491.0247
50.01427
-304.462
541.6577
50.00689
-296.4773
491.0279
50.01195
-311.2929
541.6979
50.00382
-299.6458
490.9814
50.01134
-318.6091
542.1365
50.00184
-302.3094
490.9344
50.01421
-327.0716
543.2643
50.00191
-303.7879
491.2137
50.01772
-335.7765
544.2774
50.0025
-304.9206
496.1264
50.0351
-340.6783
546.5386
50.0215
-306.9846
501.0329
50.05248
-345.5728
548.8062
50.04049
-309.056
505.9329
50.06987
-350.4599
551.0798
50.05948
-311.1344
510.8268
50.08725
-355.34
553.3599
50.07847
-313.2202
515.7145
50.10464
-360.2129
555.6461
50.09745
-315.3133
520.9935
50.11829
-364.7227
557.7639
50.1125
-317.234
530.6577
50.08802
-364.9582
558.0974
50.08175
-317.1795
539.8519
50.05769
-364.9751
558.9009
50.05104
-317.3436
548.576
50.02731
-364.7733
560.1744
50.02039
-317.7265
555.1761
50.01818
-364.6718
563.5729
50.01112
-317.8759
560.9963
50.01811
-364.6722
567.7522
50.01091
-317.8667
566.8088
50.01804
-364.6715
571.9393
50.01071
-317.8586
572.1838
50.01426
-364.6707
576.5629
50.00705
-317.7646
576.6595
50.00859
-364.657
581.9677
50.00142
-318.3846
579.8099
50.00879
-364.6258
588.3289
50.00068
-321.5011
583.1497
50.00891
-364.636
594.5007
50
-324.5763
586.8151
50.00893
-364.6598
600.387
49.9997
-327.5018
591.0102
50.00882
-364.6427
605.8602
50.00031
-330.0691
595.3017
50.00873
-364.6663
611.2376
50.0009
-332.5957
599.2155
50.00881
-365.1178
616.8082
50.00169
-335.3056
603.1418
50.00893
-365.6481
622.3469
50.0025
-338.0005
606.935
50.00898
-366.5984
627.5036
50.00362
-341.1538
610.2225
50.00887
-368.7215
631.6519
50.00568
-345.7163
613.739
50.00886
-371.2076
635.6061
50.007
-349.8764
617.6238
50.00891
-374.3564
639.2653
50.00697
-353.29
621.2043
50.00901
-377.614
643.1646
50.00673
-356.6669
623.9373
50.00925
-381.1402
647.7364
50.0059
-359.9695
626.7091
50.00941
-384.7217
652.2477
50.00513
-363.2395
629.8198
50.00898
-388.7366
656.3178
50.00479
-366.1834
632.7703
50.00857
-392.5443
660.5776
50.00441
-369.3031
634.334
50.008
-394.5129
665.5222
50.00399
-374.6606
634.63
50.00642
-394.7407
668.5919
50.00438
-383.849
634.8077
50.03912
-395.5273
671.6297
50.00365
-392.5301
635.5834
50.11032
-400.0535
672.9663
50.00655
-397.754
636.6072
50.19255
-406.012
673.6563
50.0116
-401.6466
637.5332
50.13546
-411.4995
674.4385
50.01255
-406.0112
638.4302
50.03678
-416.849
675.2479
50.01232
-410.5139
639.2706
50.01194
-421.7222
676.1369
50.00612
-415.4894
639.797
50.00797
-426.6115
676.7229
50.00235
-420.5159
639.9321
50.00798
-431.3905
676.9014
50.00265
-425.73
639.9821
50.00801
-435.815
677.0047
50.00275
-431.3038
640.0325
50.00803
-440.2327
677.1078
50.00284
-436.8843
640.0762
50.00805
-444.0911
677.2209
50.00241
-443.0243
640.1226
50.00806
-448.4878
677.3243
50.00219
-448.6261
640.1747
50.00808
-454.0928
677.4056
50.00238
-453.0197
640.1432
50.00808
-459.0733
677.4291
50.00243
-458.0382
640.0753
50.00808
-463.8525
677.4249
50.00243
-463.2582
640.0026
50.00808
-468.9722
677.4052
50.00254
-468.1372
639.9298
50.00808
-474.0925
677.3854
50.00265
-473.016
639.8571
50.00808
-479.2132
677.3655
50.00277
-477.8945
639.7905
50.00807
-483.8969
677.3438
50.0026
-483.2099
639.7269
50.00807
-488.3764
677.3209
50.00231
-488.7296
639.6566
50.00808
-492.9932
677.2988
50.00209
-494.1121
639.5265
50.00807
-498.5885
677.2601
50.0023
-498.5144
639.2926
50.00807
-503.6254
676.9918
50.00203
-503.4639
639.0587
50.00807
-508.6624
676.7236
50.00177
-508.4137
638.8051
50.00808
-513.5771
676.4321
50.00206
-513.4837
638.5496
50.00808
-518.4799
676.1381
50.0024
-518.5654
638.2956
50.00809
-523.3673
675.8433
50.00272
-523.6625
638.0668
50.00809
-527.9782
675.5321
50.00254
-529.0364
637.8379
50.00809
-532.5903
675.2209
50.00235
-534.4092
637.5457
50.00809
-537.7252
674.9402
50.00241
-539.2574
637.2378
50.00809
-542.9907
674.6672
50.00252
-543.9739
636.8532
50.00809
-546.8475
674.0483
50.00233
-550.0641
636.4039
50.00809
-550.8336
673.3853
50.00218
-556.0154
635.8066
50.00809
-556.1313
672.8132
50.00233
-560.6487
635.2094
50.00809
-561.4281
672.2409
50.00249
-565.2828
634.6155
50.00809
-566.6967
671.6652
50.00263
-569.9451
634.037
50.00809
-571.8279
671.0724
50.00269
-574.7448
633.4587
50.00808
-576.9584
670.4797
50.00274
-579.5444
632.8965
50.00808
-581.8365
669.8558
50.00269
-584.5953
632.3442
50.00808
-586.5618
669.2131
50.00258
-589.7979
631.7164
50.00808
-591.3459
668.528
50.00254
-594.9258
630.9922
50.00808
-596.2048
667.7885
50.00261
-599.9587
630.2681
50.00808
-601.0637
667.0491
50.00267
-604.9918
629.5551
50.00808
-605.8485
666.2949
50.00266
-610.0981
628.8624
50.00808
-610.4958
665.5134
50.0025
-615.341
628.1697
50.00808
-615.143
664.7319
50.00234
-620.5836
627.4148
50.00807
-620.1921
664.0105
50.00237
-625.4243
626.6112
50.00806
-625.5551
663.3361
50.00255
-629.9509
625.8049
50.00805
-630.9208
662.665
50.00274
-634.4749
624.5896
50.00806
-636.6695
662.5199
50.00292
-638.6326
623.3724
50.00806
-642.4628
662.3766
50.00311
-642.7458
622.4572
50.00806
-647.1249
662.2935
50.0032
-648.027
621.8243
50.00805
-650.6735
662.2603
50.0032
-654.4552
621.1966
50.00805
-654.1627
662.2219
50.0032
-660.9433
620.2117
50.00805
-658.4982
662.1897
50.00304
-666.5522
619.0515
50.00805
-663.2623
662.1616
50.00279
-671.7167
617.5332
50.00805
-667.5168
661.729
50.00245
-677.1866
615.1068
50.00803
-670.3774
660.222
50.00182
-683.5193
612.7197
50.00804
-673.1132
658.676
50.00117
-689.9771
610.4394
50.00866
-675.6835
657.0869
50.00103
-696.6252
608.7575
50.01376
-677.7791
655.3724
50.00468
-703.9342
607.2182
50.01891
-679.6592
653.5152
50.00827
-711.4591
605.8215
50.02412
-681.3237
651.5153
50.01181
-719.1995
604.2103
50.03093
-683.1775
649.5094
50.0183
-726.6594
601.6705
50.04205
-686.0683
647.8046
50.03345
-732.8224
599.1275
50.04321
-688.5141
644.4973
50.037
-738.1804
596.5402
50.03286
-690.4799
639.3474
50.02675
-742.5492
593.9659
50.0225
-692.4355
634.1849
50.01651
-746.9279
591.4045
50.01214
-694.381
629.0092
50.00626
-751.317
589.0173
49.88067
-695.2513
623.3154
49.99545
-756.315
586.9377
49.66095
-695.3152
617.0845
49.99155
-761.8076
585.1046
49.43214
-695.2638
610.6071
49.99676
-767.4155
582.8355
49.45883
-695.4524
603.5096
50.00935
-770.1605
580.3126
49.60437
-695.7813
596.1879
50.02212
-771.5779
577.8093
49.75045
-696.1069
588.8466
50.03435
-772.9984
575.3258
49.89708
-696.4294
581.4858
50.04602
-774.4221
572.862
50.04425
-696.7488
574.105
50.05716
-775.849
570.5656
50.06815
-696.3877
566.6287
50.05948
-774.666
568.2579
50.06813
-695.8911
559.1777
50.06015
-772.9815
565.905
50.06811
-695.39
551.7718
50.06082
-771.3014
562.9142
50.05609
-694.695
545.014
50.0487
-769.77
559.7
50.03956
-693.9296
538.4836
50.03178
-768.292
556.3412
50.02588
-692.9143
532.4968
50.01782
-766.1052
552.6261
50.01851
-691.3323
527.754
50.01043
-762.3537
548.8754
50.01115
-689.7379
523.0464
50.00305
-758.6143
545.5792
50.01156
-688.0405
517.9819
50.00386
-754.8285
542.5983
50.01751
-686.2646
512.6711
50.01049
-751.0152
539.5853
50.02346
-684.4737
507.3925
50.01711
-747.2169
536.4679
49.76284
-682.8105
502.3036
49.52084
-743.4052
533.0627
48.57246
-681.6133
497.7957
47.31301
-739.5206
529.6136
47.35818
-680.3856
493.3322
45.12926
-735.6666
526.1202
46.11989
-679.1274
488.9125
42.96934
-731.843
522.5826
44.85765
-677.8387
484.537
40.83339
-728.0498
519.1443
43.51352
-676.1884
480.1801
38.74349
-724.4691
515.9432
42.06149
-673.9522
475.7913
36.69906
-721.2137
512.7441
40.61051
-671.718
471.4004
34.65359
-717.9564
509.5469
39.16057
-669.4857
467.0076
32.60707
-714.697
506.3518
37.71167
-667.2554
462.6128
30.55951
-711.4357
503.1588
36.26388
-665.0272
458.2162
28.51101
-708.1727
499.1938
34.45823
-662.2563
454.6036
26.8165
-705.4372
494.7821
32.4456
-659.1728
451.4452
25.32681
-703.0056
490.377
30.43632
-656.0961
448.2801
23.83377
-700.5672
485.9786
28.4304
-653.0264
445.1083
22.33737
-698.1219
481.5869
26.42782
-649.9634
441.9297
20.83762
-695.6698
477.3746
24.5106
-647.0248
438.5765
19.25788
-693.0837
473.3684
22.69136
-644.2274
435.0229
17.58662
-690.3452
469.3633
20.87257
-641.431
431.4678
15.91475
-687.6055
465.3594
19.0543
-638.6355
427.9115
14.24235
-684.8649
461.3568
17.23657
-635.8412
424.354
12.56942
-682.123
457.1317
15.33081
-632.891
420.9998
11.02437
-679.5382
452.8615
13.4074
-629.9094
417.6867
9.505664
-676.9851
448.5947
11.48572
-626.9307
414.3701
7.985229
-674.4291
443.0605
8.95494
-623.0555
412.1494
6.933028
-673.1088
437.3147
6.32584
-619.0382
410.1185
5.961106
-671.9749
431.518
3.675865
-614.9929
408.138
5.009883
-670.8687
426.171
1.832108
-610.0078
405.73
3.885139
-670.3029
420.8016
0.3061157
-604.5847
403.3533
2.696063
-670.0151
417.1379
0.08960044
-601.9622
397.5607
2.296867
-670.2567
414.0393
0.2139505
-600.0746
390.7833
2.071943
-670.5804
411.0625
0.3579856
-598.2269
383.8842
1.827334
-670.8643
408.2578
0.4804438
-596.3986
377.0012
1.638358
-670.658
405.8931
0.2946213
-594.4299
371.1191
2.019224
-666.9746
403.5298
0.1085827
-592.462
365.2358
2.400306
-663.2906
402.2744
0.01007485
-591.4266
359.8771
2.445314
-657.2601
402.2475
0.01808524
-591.4219
355.4703
2.051835
-648.3102
401.8707
0.01122487
-591.1175
351.4135
1.673227
-639.6601
401.3782
0.002367318
-590.3538
348.4163
1.317179
-631.2511
401.5634
0.02860177
-588.7368
348.2993
1.003542
-622.8729
401.6375
0.04234433
-586.8986
348.2935
0.7024119
-614.7165
401.6007
0.04359645
-584.8391
348.3986
0.4137578
-606.7808
401.4529
0.0323571
-582.5582
348.6148
0.1375952
-599.0665
401.3777
0.02997078
-579.7189
348.8333
-0.003079224
-591.9102
401.5147
0.05257599
-576.3498
348.9403
0.02427543
-585.2828
401.649
0.07521211
-572.959
349.05
0.05159917
-578.6771
401.7806
0.09787917
-569.5466
349.1623
0.07889198
-572.0932
