0.338602
0.352997
0.366638
0.379748
0.392365
0.404482
0.414637
0.423958
0.432686
0.440809
0.448332
0.455261
0.46161
0.467324
0.472429
0.477032
0.481165
0.484862
0.488158
0.491084
0.493679
0.495973
0.497731
0.499217
0.500497
0.5016
0.502552
0.503378
0.504107
0.504645
0.505017
0.505337
0.505439
0.503419
0.501324
0.49916
0.498019
0.497501
0.496951
0.496361
0.495723
0.495242
0.494986
0.494636
0.494168
0.493771
0.493612
0.493262
0.492694
0.491718
0.49023
0.488431
0.486285
0.483758
0.480815
0.47731
0.473317
0.46881
0.463764
0.457747
0.451009
0.443712
0.435859
0.42746
0.418487
0.408973
0.39943
0.389685
0.379471
0.368901
0.357993
0.346755
0.335212
0.317585
0.295634
0.267677
0.234018
0.2
0.204082
0.207371
0.206792
0.2
0.20015
0.201112
0.203959
0.206809
0.2
0.216829
0.225073
0.22847
0.229235
0.234184
0.238248
0.260531
0.282961
0.304018
0.330335
0.355666
0.378725
0.400343
0.420568
0.439528
0.459156
0.478237
0.496965
0.515334
0.53382
0.552904
0.57108
0.590129
0.609028
0.622423
0.637756
0.65537
0.672466
0.692393
0.712775
0.731035
0.752841
0.758758
0.765512
0.771529
0.775225
0.781241
0.790627
0.8
0.8
0.789863
0.786761
0.7869
0.788887
0.792702
0.798858
0.8
0.794975
0.793748
0.793273
0.794624
0.8
0.798583
0.79573
0.795714
0.795652
0.788079
0.783598
0.782344
0.75927
0.735718
0.714824
0.694674
0.677378
0.657909
0.636597
0.617299
0.598124
0.580537
0.564496
0.549757
0.536114
0.523722
0.513235
0.503234
0.493844
0.485043
0.476089
0.466747
0.456858
0.446631
0.436382
0.425054
0.414277
0.402492
0.389133
0.37422
0.357938
0.341434
0.325951
0.31772
0.308052
0.298464
0.287293
0.274659
0.263158
0.251126
0.2384
0.235108
0.229736
0.219862
0.2
0.203382
0.203661
0.2
0.203654
0.204577
0.2
0.201336
0.200379
0.200253
0.201053
0.201239
0.2
0.2021
0.207262
0.212459
0.227213
0.240705
0.253861
0.276736
0.298552
0.319024
0.337875
0.355936
0.372753
0.387847
0.401341
0.413518
0.4244
0.434044
0.442556
0.449921
0.456225
0.461534
0.465905
0.469374
0.471968
0.473678
0.47452
0.474544
0.473748
0.47212
0.46963
0.466271
0.462012
0.456765
0.450465
0.443089
0.434584
0.424869
0.41386
0.401442
0.387542
0.372355
0.355633
0.337448
0.318636
0.300415
0.280768
0.259441
0.250345
0.240456
0.229693
0.221108
0.213839
0.205641
0.203661
0.2
0.201731
0.200132
0.2
0.20418
0.202948
0.20234
0.202212
0.2
0.201124
0.203044
0.2
0.201757
0.204723
0.204476
0.2
0.202366
0.204563
0.204134
0.2
0.2
0.201976
0.201753
0.2
0.2
0.206195
0.2111
0.214714
0.21763
0.219725
0.220329
0.222332
0.223156
0.22243
0.219547
0.214931
0.208515
0.2
0.202369
0.20418
0.203883
0.202362
0.2
0.202122
0.202681
0.202526
0.20178
0.2
0.2
0.201835
0.202194
0.201721
0.2
0.2
0.202935
0.204354
0.20494
0.204238
0.2
0.203357
0.20462
0.204354
0.202905
0.2
0.206385
0.214727
0.223049
0.231523
0.24278
0.260195
0.278449
0.297282
0.316258
0.334901
0.351733
0.366939
0.380918
0.393763
0.405495
0.416497
0.427116
0.436636
0.445101
0.452571
0.45911
0.464789
0.470028
0.474806
0.478943
0.482504
0.48555
0.488139
0.490325
0.492157
0.493681
0.494936
0.495958
0.496616
0.497021
0.497274
0.497398
0.497408
0.497319
0.497142
0.496884
0.496554
0.496154
0.495675
0.495204
0.494676
0.494092
0.493461
0.492791
0.492086
0.491355
0.490766
0.490606
0.490448
0.490308
0.490201
0.490671
0.492274
0.493978
0.495808
0.497795
0.500025
0.502531
0.505306
0.508391
0.511827
0.516018
0.520951
0.526391
0.532389
0.538997
0.546271
0.553788
0.561914
0.570799
0.580451
0.59086
0.600622
0.610832
0.621523
0.632664
0.643619
0.654628
0.665867
0.679352
0.698466
0.72075
0.748509
0.776716
0.8
0.793835
0.771248
0.746203
0.722719
0.704674
0.693213
0.681651
0.670914
0.661773
0.653448
0.645715
0.638574
0.632124
0.626415
0.621505
0.616735
0.612163
0.608533
0.605875
0.604214
0.603564
0.603941
0.593569
0.580109
0.567812
0.556633
0.550242
0.547416
0.545519
0.544569
0.544601
0.54569
0.542999
0.539763
0.537606
0.542015
0.551909
0.562659
0.574166
0.586358
0.599174
0.612632
0.628603
0.645092
0.661947
0.679209
0.697206
0.717569
0.739685
0.763328
0.782383
0.790377
0.8
0.790997
0.788555
0.78956
0.792397
0.796463
0.799648
0.775106
0.74482
0.709035
0.659736
0.60822
0.55731
0.504966
0.459625
0.438074
0.41376
0.38466
0.346421
0.303713
0.268263
0.2301
0.2
0.201446
0.200416
0.2
0.2
0.207168
0.210713
0.212866
0.208964
0.2
0.208197
0.220594
0.242085
0.256089
0.265933
0.273757
0.279149
0.290997
0.311167
0.330949
0.348716
0.363883
0.377312
0.389046
0.400289
0.410451
0.419125
0.426079
0.431426
0.435167
0.437488
0.438605
0.439521
0.443513
0.446439
0.448936
0.450539
0.451217
0.450875
0.449692
0.448159
0.445891
0.448305
0.451334
0.454206
0.456182
0.457241
0.457346
0.4564
0.454527
0.451546
0.448852
0.446781
0.443109
0.437744
0.430603
0.421504
0.410299
0.396866
0.381229
0.364498
0.345754
0.320884
0.291875
0.263201
0.238259
0.214747
0.2
0.207931
0.213329
0.21661
0.213651
0.210117
0.205979
0.202486
0.2
0.2
0.203874
0.203852
0.2
0.2
0.201304
0.2
0.202676
0.205794
0.206776
0.205234
0.2
0.202357
0.204058
0.203733
0.202439
0.2
0.2
0.208151
0.216023
0.226405
0.238708
0.25113
0.262225
0.268634
0.275008
0.281192
0.28702
0.295654
0.309284
0.321983
0.333742
0.34449
0.354056
0.362426
0.36948
0.375426
0.380411
0.384477
0.38773
0.390193
0.391734
0.392336
0.392006
0.390634
0.388345
0.385238
0.378632
0.371047
0.362956
0.361214
0.360932
0.333108
0.300917
0.270941
0.24473
0.232379
0.216814
0.20556
0.205272
0.201844
0.2
0.216217
0.23084
0.244058
0.256309
0.270482
0.287798
0.305029
0.322048
