37.37136
7.461488
-364.5387
3.613174
7.461796
-366.901
36.51026
7.309861
-359.337
3.14406
7.313338
-362.1993
35.64988
7.158265
-354.1402
2.674238
7.16485
-357.4927
34.7902
7.006698
-348.9484
2.203705
7.016332
-352.7811
33.93124
6.855161
-343.7615
1.732462
6.867784
-348.0645
33.07298
6.703655
-338.5796
1.260508
6.719205
-343.343
32.21543
6.552178
-333.4026
0.7878456
6.570597
-338.6166
31.35859
6.400732
-328.2306
0.3144703
6.421958
-333.8852
30.50247
6.249315
-323.0635
-0.1596136
6.27329
-329.1489
29.64705
6.097929
-317.9014
-0.6344061
6.124591
-324.4076
28.117
5.944137
-312.8571
-1.686442
5.959206
-319.8225
26.40687
5.789538
-307.8492
-2.895418
5.789487
-315.2747
24.6986
5.634766
-302.8476
-4.10625
5.619943
-310.7207
22.99218
5.479821
-297.8522
-5.318936
5.45057
-306.1604
21.28761
5.324703
-292.863
-6.533478
5.28137
-301.5939
19.5849
5.169412
-287.8802
-7.749876
5.112343
-297.0211
17.88405
5.013948
-282.9035
-8.968126
4.943489
-292.4421
16.18505
4.858312
-277.9331
-10.18824
4.774808
-287.8568
13.87731
4.614423
-273.0641
-11.84696
4.561274
-283.5732
11.4667
4.355521
-268.2214
-13.58654
4.339402
-279.3339
9.060524
4.097106
-263.3888
-15.33056
4.117042
-275.0845
6.63299
3.837251
-258.5829
-17.11276
3.889218
-270.8395
3.881753
3.553128
-253.9971
-19.32663
3.598064
-266.7677
1.133216
3.268954
-249.4159
-21.54319
3.306959
-262.6913
-1.612619
2.984731
-244.8392
-23.76245
3.015903
-258.6104
-4.355755
2.700459
-240.267
-25.98442
2.724898
-254.525
-7.347009
2.401109
-235.8994
-28.3395
2.420034
-250.4991
-10.95505
2.064328
-232.0386
-31.02584
2.080642
-246.6229
-14.55379
1.727486
-228.1902
-33.7215
1.741311
-242.7343
-18.14322
1.390581
-224.354
-36.42646
1.402042
-238.8335
-21.72333
1.053615
-220.5302
-39.14074
1.062835
-234.9204
-24.73015
0.8410929
-216.6115
-42.58083
0.8492047
-231.2123
-27.5833
0.661189
-212.6725
-46.21453
0.6684004
-227.5534
-30.43079
0.4813238
-208.7407
-49.85388
0.4875574
-223.8873
-33.27262
0.3014975
-204.8161
-53.4989
0.3066755
-220.2141
-36.06795
0.1236592
-200.9177
-57.16597
0.1275616
-216.4963
-37.03715
0.03000054
-197.9488
-61.60716
0.02595135
-211.0612
-37.7235
-0.001597105
-195.1687
-64.74564
-0.003805331
-204.6663
-38.00302
-0.006961754
-192.5643
-67.09451
-0.005029402
-197.6687
-37.64878
-0.004134586
-190.3863
-68.82594
-0.001209159
-189.9451
-37.2465
-0.001486941
-188.7439
-69.30513
0.001426831
-181.8928
-36.75012
0.0007337971
-187.9211
-65.4201
-0.0001863158
-173.7301
-36.30138
0.003003115
-187.1892
-61.48744
-0.00184804
-165.4764
-35.29684
0.01123942
-186.4538
-55.25151
0.005686124
-160.2093
-33.74795
0.02350066
-185.5873
-47.63702
0.01939353
-157.0798
-31.75134
0.03312502
-184.7023
-40.37654
0.03027422
-154.2865
-27.99037
0.02535988
-184.3529
-34.27195
0.02306686
-153.021
-24.26399
0.01758634
-184.0103
-28.13275
0.01586789
-151.7488
-19.99564
0.01615957
-183.363
-22.44183
0.01486086
-151.7124
-15.51406
0.01679405
-182.6144
-16.9339
0.01584175
-152.078
-10.99686
0.01743989
-181.864
-11.46158
0.01681128
-152.4452
-6.391112
0.01686257
-181.4549
-6.07898
0.0164251
-152.773
-1.678526
0.01407187
-181.6611
-0.8053492
0.01362103
-153.0272
3.034589
0.01128114
-181.8674
4.467812
0.01081694
-153.2815
7.748176
0.008490415
-182.0737
9.74044
0.008012893
-153.5357
12.47085
0.007469377
-182.5384
14.97327
0.006994057
-153.9353
17.19528
0.007295924
-183.1266
20.18956
0.006830364
-154.4048
21.91686
0.007122393
-183.7144
25.40876
0.006666746
-154.8747
26.63553
0.006948788
-184.302
30.6308
0.006503205
-155.3448
31.35298
0.007438961
-184.9166
35.84694
0.005697248
-155.8345
36.098
0.020607
-186.0486
40.9
-0.007383564
-156.6861
40.84014
0.03407169
-187.1801
45.95599
-0.02076103
-157.5381
45.57935
0.04783286
-188.3109
51.01485
-0.03443497
-158.3908
50.31569
0.06189069
-189.4411
56.07665
-0.04840558
-159.2441
55.0491
0.076245
-190.5707
61.14131
-0.06267267
-160.098
59.7796
0.09089588
-191.6998
66.20888
-0.07723632
-160.9525
64.50723
0.1058434
-192.8282
71.27937
-0.09209662
-161.8075
69.23193
0.1210874
-193.9561
76.35275
-0.1072534
-162.6632
73.95377
0.1366281
-195.0834
81.42906
-0.1227069
-163.5194
78.67266
0.1524653
-196.2101
86.50823
-0.1384568
-164.3762
83.51282
0.1854002
-197.5208
91.37962
-0.1330499
-165.3919
88.56113
0.2463825
-199.138
95.89922
-0.09226148
-166.6698
93.61425
0.3075073
-200.7558
100.4141
-0.05161478
-167.947
98.67213
0.3687735
-202.3742
104.9241
-0.0111102
-169.2236
103.7348
0.4301821
-203.9933
109.4294
0.02925268
-170.4996
108.8022
0.4917322
-205.613
113.9299
0.06947339
-171.775
113.8745
0.5534246
-207.2333
118.4256
0.1095524
-173.0497
118.9514
0.6152585
-208.8542
122.9166
0.1494892
-174.3238
124.0332
0.6772348
-210.4758
127.4027
0.1892844
-175.5972
129.1198
0.7393526
-212.098
131.8841
0.2289374
-176.8701
134.2111
0.8016127
-213.7209
136.3607
0.2684487
-178.1423
139.3072
0.8640144
-215.3443
140.8326
0.3078178
-179.4138
144.4081
0.926558
-216.9684
145.2996
0.347045
-180.6848
151.1018
1.209094
-216.8943
148.2128
0.3901065
-180.7206
159.2812
1.689566
-215.3213
149.6742
0.4301232
-179.7011
166.7269
2.280401
-213.3148
151.5804
0.4485001
-178.4434
171.8956
3.144435
-210.2099
154.9899
0.4312235
-176.4853
177.0555
4.004121
-207.1097
158.4083
0.4183011
-174.5225
182.1404
4.229392
-203.9559
161.9705
0.1822569
-172.6678
186.5544
4.506847
-200.5934
165.766
0.0150876
-170.3788
189.8183
4.815632
-197.607
170.4649
-0.02987981
-167.3474
190.9293
4.871172
-196.68
177.8567
0.05234933
-163.0187
191.8476
4.922005
-195.8242
185.4411
0.139286
-158.6189
192.8017
4.989156
-195.7995
193.4706
0.168433
-158.5759
194.0503
5.064371
-196.3612
201.546
0.1601565
-161.619
195.5166
5.132213
-196.9653
209.4038
0.1592541
-164.6198
198.514
5.193296
-198.7415
215.1467
0.1517785
-167.6071
202.2116
5.253419
-201.0957
219.8946
0.138531
-170.6016
205.9098
5.313501
-203.4501
224.642
0.1253247
-173.5957
209.8024
5.334181
-206.0126
229.1216
0.107945
-176.494
213.9146
5.310281
-208.8105
233.2986
0.08581114
-179.284
218.0267
5.286372
-211.6083
237.4757
0.06368685
-182.074
222.1388
5.262453
-214.406
241.6529
0.04157138
-184.864
226.3043
5.126191
-217.184
245.7992
0.04967618
-187.6375
230.5676
4.78544
-219.9254
249.8892
0.1120186
-190.3808
234.8306
4.446219
-222.6663
253.9796
0.1728265
-193.1246
239.0931
4.108538
-225.4068
258.0703
0.2320989
-195.8689
243.3553
3.772391
-228.1467
262.1614
0.2898364
-198.6136
247.6502
3.425908
-230.8767
266.2549
0.3559059
-201.3128
252.0582
3.039944
-233.5737
270.3558
0.4546126
-203.8557
256.4656
2.654705
-236.2704
274.457
0.5525969
-206.3989
260.8726
2.270187
-238.9668
278.5587
0.64986
-208.9424
265.2793
1.886391
-241.6629
282.6607
0.7464016
-211.4862
269.7403
1.534617
-244.3019
286.7724
0.7881821
-213.9724
274.4512
1.326271
-246.6806
290.9272
0.5825446
-216.1944
279.1603
1.117928
-249.0585
295.0836
0.3769091
-218.4174
283.8677
0.9095851
-251.4354
299.2419
0.171273
-220.6413
288.7675
0.7284358
-253.7784
303.2784
0.03466853
-222.7588
294.1197
0.6122835
-256.0401
307.0305
0.06089035
-224.6255
299.4614
0.4970831
-258.2976
310.7928
0.08616138
-226.4964
305.8975
0.4336342
-259.9715
313.7567
0.07016902
-228.0446
313.7086
0.436019
-260.8826
315.7325
0.00206393
-229.1698
321.4265
0.4371542
-261.7888
317.8018
-0.06479238
-230.3
328.6564
0.3678663
-260.2572
319.6131
-0.07832609
-230.3677
335.2964
0.2141486
-255.7128
321.0804
-0.02884959
-229.0644
341.8398
0.06397312
-251.2174
322.6444
0.01708475
-227.7119
346.9502
0.02499409
-246.2461
324.5798
0.0246594
-225.649
351.6371
0.02097229
-241.0919
326.5983
0.02063732
-223.3887
355.4686
0.01928541
-235.5943
328.3058
0.01895023
-220.7875
357.5513
0.02227942
-229.4524
329.4238
0.02194416
-217.4589
359.631
0.02527342
-223.3185
330.5449
0.02493809
-214.1222
361.7077
0.02826747
-217.1927
331.6689
0.02793207
-210.7773
362.5738
0.02691439
-211.7635
331.9184
0.02660521
-206.3349
363.1072
0.02436115
-206.5174
331.9251
0.02408648
-201.5989
363.6416
0.02180734
-201.2625
331.9308
0.02156833
-196.8715
364.177
0.01925291
-195.9987
331.9355
0.01905073
-192.1529
364.7133
0.01669793
-190.7263
331.9393
0.01653375
-187.4431
365.2506
0.01414237
-185.4451
331.9421
0.01401734
-182.7421
365.7889
0.01158623
-180.1552
331.9439
0.01150151
-178.0498
366.3282
0.009029486
-174.8564
331.9448
0.008986234
-173.3663
366.714
0.03101229
-169.612
331.9431
0.03153016
-168.6239
366.7955
0.1014204
-164.4891
331.938
0.103528
-163.7513
366.877
0.1718247
-159.3656
331.9329
0.1755295
-158.8793
366.9585
0.2422262
-154.2413
331.9277
0.2475357
-154.0079
366.9932
0.634464
-149.1974
331.9244
0.4849949
-149.0889
366.9736
1.400558
-144.2473
331.923
0.9147419
-144.114
366.9539
2.166565
-139.2971
331.9216
1.344576
-139.1392
366.9343
2.932484
-134.347
331.9203
1.774497
-134.1643
366.9147
3.698326
-129.3967
331.9189
2.204511
-129.1894
366.8951
4.464072
-124.4465
331.9175
2.634606
-124.2146
366.8968
5.074252
-119.4864
331.919
3.459835
-119.2822
366.9039
5.645655
-114.5237
331.9212
4.383641
-114.3606
366.9109
6.217114
-109.561
331.9234
5.30741
-109.4388
366.918
6.788615
-104.5983
331.9256
6.231119
-104.5171
366.925
7.360164
-99.63565
331.9279
7.154779
-99.5954
366.9292
7.80146
-94.6599
331.9291
7.802917
-94.64581
366.9292
8.05677
-89.66543
331.9292
8.057804
-89.65635
366.9291
8.312078
-84.67102
331.9292
8.31269
-84.66696
366.9292
8.51405
-79.67566
331.9292
8.514302
-79.67537
366.9295
8.553357
-74.67744
331.929
8.553439
-74.67706
366.9299
8.592665
-69.67915
331.9288
8.592577
-69.67868
366.9302
8.631972
-64.68094
331.9286
8.631713
-64.68037
366.9302
8.674995
-59.68735
331.9288
8.681211
-59.67757
366.9302
8.718739
-54.69464
331.929
8.732714
-54.67389
366.9302
8.762482
-49.70195
331.9291
8.784216
-49.67022
366.933
8.800452
-44.70641
331.9306
8.826512
-44.66919
366.9488
8.811418
-39.69792
331.938
8.825749
-39.6809
366.9645
8.822386
-34.68942
331.9454
8.824984
-34.69262
366.9803
8.833357
-29.68092
331.9529
8.824215
-29.70435
366.9487
8.49688
-24.67409
331.9525
8.84943
-24.71965
366.9123
8.126088
-19.66751
331.9514
8.876962
-19.73537
366.8759
7.755579
-14.66094
331.9502
8.904209
-14.75107
366.8396
7.385355
-9.654388
331.949
8.931172
-9.766758
366.7835
6.948976
-4.649158
331.9498
8.899959
-4.787664
366.6891
6.384324
0.3533112
331.9545
8.755758
0.1811407
366.5947
5.820487
5.355716
331.9591
8.610743
5.150012
366.5005
5.257465
10.35806
331.9636
8.464911
10.11895
366.3751
4.757123
15.38871
331.9321
8.099158
15.04462
366.2144
4.326427
20.45104
331.86
7.486315
19.92189
366.0538
3.89523
25.51276
331.788
6.873986
24.79964
365.8931
3.463526
30.57393
331.7159
6.262162
29.67795
365.6556
2.820956
35.60886
331.495
5.447452
34.51925
365.3969
2.12022
40.63668
331.2329
4.576624
39.35032
365.1383
1.419483
45.66444
330.9709
3.705817
44.18134
364.9173
1.120696
50.69012
330.6711
3.019943
49.08568
364.706
0.9267724
55.71548
330.3615
2.380853
54.00875
364.4948
0.7339613
60.74115
330.0518
1.740642
58.93163
364.2836
0.5422667
65.76701
329.7421
1.099324
63.85421
364.0283
0.4444768
70.76439
329.4007
0.9583827
68.83173
363.77
0.3531864
75.75983
329.0571
0.8520885
73.81302
363.5116
0.2619349
80.75534
328.7135
0.7457528
78.79436
363.2532
0.1707247
85.75082
328.37
0.6393783
83.77561
362.9949
0.07955451
90.74632
328.0264
0.5329637
88.75685
362.7365
-0.01157556
95.74185
327.6828
0.426509
93.73805
362.4673
-0.06007287
100.7314
327.3737
0.3408992
98.72734
362.1826
-0.04850449
105.7126
327.1132
0.2847758
103.7281
361.898
-0.03698541
110.6938
326.8528
0.2287022
108.7288
361.6134
-0.0255155
115.675
326.5923
0.1726778
113.7295
361.3288
-0.01409474
120.6562
326.3319
0.1167026
118.7301
361.0441
-0.002723014
125.6375
326.0714
0.06077586
123.7308
360.7598
0.008477032
130.6179
325.8109
0.0054816
128.7323
360.4985
0.008024976
135.5211
325.539
0.005567305
133.8116
360.2373
0.007572859
140.4244
325.2671
0.005653069
138.891
359.976
0.007120678
145.3276
324.9951
0.005738894
143.9705
359.7147
0.006668443
150.2308
324.7233
0.005824777
149.0499
359.4535
0.006216149
155.1339
324.4514
0.005910719
154.1294
359.1922
0.005763796
160.0371
324.1795
0.005996721
159.2088
359.1732
0.005796831
164.761
324.1903
0.00610235
164.4795
359.1923
0.005906041
169.4571
324.2455
0.006211053
169.78
359.2113
0.00601525
174.1533
324.3006
0.006319756
175.0803
359.2303
0.006124463
178.8498
324.3558
0.006428462
180.3806
359.2494
0.006233672
183.5464
324.4109
0.006537165
185.6806
359.2685
0.006342881
188.2431
324.4661
0.006645869
190.9804
359.2876
0.006452091
192.94
324.5212
0.006754572
196.2801
359.5121
0.03165625
197.5341
324.8504
0.03195798
201.6296
360.3944
0.1371457
201.8
326.056
0.1374459
207.1378
361.2771
0.2426353
206.0682
327.2611
0.2429338
212.6436
362.1603
0.3481247
210.3387
328.4658
0.3484218
218.1472
363.044
0.4536168
214.6117
329.67
0.4539123
223.6485
363.9531
0.5766948
218.8952
330.8848
0.5749046
229.1245
365.9898
1.495393
223.5568
332.6028
1.396594
233.563
368.0271
2.414766
228.2204
334.3201
2.217609
237.9994
370.066
3.255416
233.6621
335.3816
2.741183
241.8872
372.1089
3.950963
241.1251
334.9396
2.547862
244.2792
374.1546
4.702658
248.9602
334.495
2.298392
246.2991
376.2028
5.510503
257.1675
334.0477
1.992772
247.9469
372.0648
5.404412
264.6581
333.8428
2.067718
248.803
366.1978
5.026777
271.6569
333.5773
2.253626
249.697
360.4825
4.665011
278.4214
333.1602
2.42367
250.8251
354.8764
4.083212
283.309
331.5516
2.413421
252.4067
349.2776
3.120424
285.3226
328.1039
2.106623
254.4534
343.7245
2.176982
287.3065
324.6104
1.780479
256.5297
338.2172
1.252888
289.2608
321.0713
1.434987
258.6356
333.1287
0.55799
291.2914
317.2135
1.136568
260.9028
329.2153
0.5205762
293.6382
312.491
1.036427
263.5898
325.3047
0.483401
295.9834
307.7656
0.9360439
266.2787
321.3968
0.4464661
298.3268
303.0376
0.8354238
268.9691
317.4918
0.4097707
300.6686
298.3068
0.7345644
271.6612
313.5895
0.3733147
303.0087
293.5732
0.6334655
274.355
309.9579
0.3287826
305.9741
289.452
0.5545725
277.6824
306.351
0.283508
308.9965
285.3866
0.4777088
281.0676
302.744
0.2382385
312.0188
281.3211
0.4008401
284.4528
299.1372
0.1929741
315.0411
277.2556
0.3239663
287.8381
295.5305
0.1477148
318.0633
273.19
0.2470874
291.2234
291.9237
0.1024594
321.0855
269.1242
0.1702016
294.6089
288.3171
0.05721025
324.1076
265.0584
0.09331261
297.9944
284.7106
0.01196616
327.1296
260.9926
0.01641853
301.3799
281.3688
0.006327374
330.4352
257.26
0.006646645
305.1292
278.0663
0.006632904
333.7837
253.5779
0.006950217
308.9328
274.7633
0.006938432
337.1327
249.8963
0.007253791
312.7358
271.4599
0.007243959
340.4822
246.2152
0.007557367
316.5384
268.156
0.007549483
343.8322
242.5345
0.007860944
320.3404
264.8515
0.007855013
347.1828
238.8542
0.008164531
324.1421
261.5467
0.008160533
350.5338
235.1745
0.008468112
327.9432
258.7103
0.008170629
353.7323
231.6945
0.008484542
332.4616
256.1682
0.007991927
356.8423
228.3474
0.008317318
337.4296
253.6195
0.007813316
359.964
225.0069
0.008150002
342.386
251.0642
0.007634796
363.0972
221.6731
0.007982593
347.3307
248.5022
0.007456368
366.2421
218.3459
0.007815094
352.264
245.9335
0.007278033
369.3984
215.0255
0.007647502
357.1856
244.4
0.007152624
372.621
212.786
0.007530178
362.7941
244.4595
0.007108029
375.9177
212.1896
0.007489842
369.48
244.5216
0.007063422
379.1957
211.5907
0.007449517
376.1844
244.5863
0.007018804
382.455
210.9891
0.007409206
382.9075
245.0869
0.007221305
386.4164
211.1562
0.007630573
388.8528
245.9884
0.007652195
391.0386
212.0358
0.008093875
394.0675
246.8899
0.008083016
395.6595
212.9155
0.008557247
399.2834
247.4893
0.008962754
400.4757
213.4996
0.009427156
404.3734
247.7513
0.01034379
405.511
213.7535
0.01075093
409.3216
248.0133
0.01172487
410.5464
214.0074
0.01207474
414.2699
248.2753
0.0131059
415.5818
214.2613
0.01339852
419.2181
248.5374
0.01448693
420.6171
214.5153
0.01472231
424.1663
248.7994
0.01586797
425.6524
214.7692
0.01604609
429.1145
249.0614
0.017249
430.6877
215.0231
0.01736988
434.0627
249.3234
0.01863002
435.723
215.277
0.01869366
439.0109
249.608
0.01531373
437.7546
216.2876
0.01545524
446.8878
249.6991
0.01137097
438.9949
217.5946
0.01161951
455.5461
249.5816
0.007422196
439.8163
219.1101
0.007789781
464.6233
249.3178
0.004553157
440.2065
222.9167
0.005025908
471.7964
249.6009
0.00494607
440.5714
232.6152
0.005442421
471.983
250.586
0.00534565
441.2062
241.6117
0.005852267
471.8997
252.273
0.005751897
442.1107
249.9063
0.006255446
471.5466
255.7721
0.01013501
442.5601
256.3828
0.01062907
470.9704
260.4291
0.01804249
442.4293
261.696
0.01853003
470.3725
265.0966
0.02594999
442.298
266.9987
0.02643097
469.775
269.8935
0.02388662
441.7767
272.1684
0.02434085
469.5197
274.7408
0.01740163
441.0829
277.2863
0.01781843
469.4157
279.5833
0.01091782
440.3895
282.4087
0.01129516
469.3113
284.4663
0.0100695
439.4648
287.4673
0.01042572
469.2067
289.3846
0.01372515
438.3549
292.4717
0.01407514
469.1022
294.3035
0.01738139
437.2448
297.4756
0.01772397
468.9977
299.2229
0.02103823
436.1348
302.479
0.0213722
468.8932
304.1427
0.02469567
435.0247
307.4818
0.02501984
468.7888
309.1003
0.04804556
434.1607
312.4638
0.04425941
468.6097
314.1227
0.1055464
433.7231
317.4098
0.09049219
468.301
319.1455
0.163088
433.2854
322.3557
0.1366868
467.9923
324.1684
0.2206674
432.8477
327.3011
0.1828411
467.6837
328.9103
0.3276094
432.2723
332.4736
0.8294905
467.2371
333.6338
0.434203
431.6895
337.6615
1.513475
466.7822
338.3548
0.5375528
431.1071
342.8519
2.200703
466.327
343.0732
0.6376585
430.5251
348.0448
2.891175
465.8713
347.6017
0.5496484
429.6686
353.3404
3.592442
465.0164
352.0797
0.4116977
428.7458
358.6649
4.30011
464.0623
356.5532
0.2690532
427.8243
363.9942
5.012486
463.1069
361.0961
0.2399089
426.7144
369.1575
5.509317
461.8889
365.6669
0.2562582
425.5298
374.2548
5.920326
460.5671
370.2368
0.2719572
424.3456
379.353
6.331985
459.245
374.8058
0.2870064
423.1617
384.4521
6.744294
457.9225
379.374
0.3014057
421.9781
389.552
7.157252
456.5998
384.1075
0.2947512
420.5775
394.2895
7.219827
454.8055
388.8486
0.2885115
419.1674
399.0112
7.266784
452.9924
393.5907
0.2835603
417.7568
403.7321
7.312453
451.1799
398.3337
0.279897
416.3456
408.4523
7.356835
449.3679
403.0775
0.2775221
414.9338
413.1714
7.399928
447.5565
407.9521
0.6095524
413.4784
417.8459
7.256766
446.0713
412.9063
1.145322
411.9964
422.4936
7.00048
444.7853
417.8604
1.68078
410.5146
427.1413
6.744505
443.4992
422.8145
2.215928
409.0327
431.7892
6.488842
442.2131
427.7683
2.750763
407.5511
436.4373
6.23349
440.9268
432.7715
3.299347
406.2958
441.1258
5.752845
439.7558
437.8078
3.855647
405.1937
445.8423
5.121384
438.6626
442.8435
4.409746
404.0918
450.5592
4.492126
437.5692
447.8785
4.961658
402.99
455.2766
3.865055
436.4757
452.913
5.511381
401.8884
459.9947
3.240172
435.3821
457.8519
5.908913
400.8392
464.8284
2.711036
434.3383
462.5581
5.940922
399.918
469.9438
2.409856
433.4156
467.2628
5.974234
398.9974
475.0608
2.107373
432.4924
471.9659
6.008847
398.0774
480.1793
1.803588
431.5686
476.6674
6.044762
397.1579
485.2993
1.498502
430.6443
481.3676
6.081981
396.2389
490.4211
1.192105
429.7194
486.066
6.1205
395.3206
495.5443
0.8844144
428.7939
490.763
6.160322
394.4028
500.669
0.5754213
427.868
495.1498
6.018827
393.1532
505.749
0.4158897
426.1232
499.2813
5.721498
391.611
510.777
0.3845842
423.674
503.4289
5.426946
390.0624
515.7889
0.350503
421.2311
507.5927
5.13517
388.5076
520.7847
0.3136458
418.7945
511.7726
4.846169
386.9465
525.7644
0.274013
416.3641
515.9686
4.559944
385.3791
530.7278
0.2316039
413.9401
519.9879
4.149262
383.2787
535.4924
0.1831778
411.3779
523.7422
3.559556
380.4573
540.0064
0.1349177
408.6169
527.4894
2.962242
377.6397
544.5276
0.0942663
405.8521
531.2294
2.357318
374.826
549.056
0.06122363
403.0833
534.9623
1.744785
372.0163
553.5914
0.03578979
400.3105
538.688
1.124645
369.2105
558.1342
0.01796454
397.534
542.4065
0.4968946
366.4085
562.684
0.007748157
394.7534
546.1663
0.1814043
363.5295
566.9772
0.02179848
391.7369
549.9692
0.1572371
360.5767
571.0302
0.05284676
388.507
553.7727
0.1331804
357.6236
575.0824
0.08378436
385.2776
557.5762
0.1094125
354.6681
579.1346
0.1132269
382.0505
561.3647
0.09185307
351.6485
583.2027
0.09493659
378.8887
565.1526
0.0742951
348.6293
587.2712
0.07664487
375.7265
568.9401
0.05673856
345.6104
591.3403
0.05835172
372.5639
572.7271
0.03918346
342.592
595.4099
0.04005713
369.401
576.3867
0.02672393
339.582
599.4747
0.02703363
366.0753
579.6454
0.03036896
336.5967
603.5223
0.03067747
362.2377
582.9062
0.03401408
333.6096
607.5682
0.0343214
358.4017
585.9041
0.0349583
330.702
611.6473
0.03526703
354.2662
588.2521
0.02926763
327.9938
615.8129
0.02958419
349.3908
590.3291
0.03487581
325.0789
619.4739
0.03519362
344.1626
592.2001
0.04914001
322.0033
622.7468
0.04945404
338.6664
593.7675
0.05493424
318.9343
625.663
0.05524474
332.8421
594.9129
0.04903801
315.881
628.0898
0.04934531
326.5587
595.7722
0.03943199
312.3059
629.7139
0.03974009
320.4925
596.4495
0.02745926
308.3974
630.8257
0.02777074
314.5654
597.1142
0.01594695
304.473
631.9146
0.01626191
308.6501
597.3834
0.01941752
299.9678
632.2513
0.01973937
303.1768
597.6526
0.0228881
295.4624
632.588
0.02321683
297.7038
597.9219
0.02635868
290.9568
632.9247
0.02669429
292.2309
597.9639
0.02633266
286.142
633.0016
0.02672942
287.0502
597.9933
0.02611064
281.3102
633.0641
0.02657168
281.8857
598.0254
0.02597216
276.4593
633.1212
0.02648729
276.7401
598.0734
0.02630378
271.5007
633.1482
0.02681527
271.7021
598.1213
0.02663541
266.5419
633.1752
0.02714326
266.6641
598.1694
0.02696703
261.5833
633.2022
0.02747124
261.6262
598.1481
0.02702305
256.6296
633.178
0.027527
256.5831
598.1224
0.02706185
251.6764
633.1506
0.02756573
251.5397
598.0945
0.02630913
246.7313
633.1232
0.02681277
246.4881
598.0502
0.01938397
241.8506
633.0971
0.01988603
241.3723
598.0059
0.01245881
236.97
633.0709
0.01295929
236.2563
597.9319
0.008377735
232.0998
633.0043
0.008876063
231.1317
597.7291
0.01664407
227.2742
632.762
0.0171378
225.9702
597.5262
0.02491019
222.4484
632.5198
0.02539934
220.8091
597.2806
0.02688577
217.6168
632.2509
0.02737384
215.6572
597.0217
0.02689722
212.7834
631.9737
0.02738529
210.5082
596.7628
0.02690866
207.95
631.6965
0.02739674
205.3591
596.3543
0.02693105
203.1083
631.2654
0.02741911
200.2419
595.8638
0.02695945
198.262
630.7499
0.02744747
195.1421
595.3733
0.02698784
193.4157
630.2345
0.02747582
190.0424
594.8829
0.02701624
188.5693
629.7191
0.02750418
184.9426
594.361
0.0270372
183.686
629.1802
0.02752511
179.8856
593.7844
0.02704515
178.7383
628.6006
0.02753308
174.9035
593.2078
0.02705311
173.7906
628.021
0.02754105
169.9214
592.6312
0.02706106
168.8429
627.4414
0.02754902
164.9393
592.0546
0.02706902
163.8953
626.8618
0.02755699
159.9573
591.478
0.02707697
158.9476
626.2821
0.02756495
154.9752
590.9014
0.02708493
153.9999
625.7026
0.02757292
149.9931
590.3271
0.02345103
149.0484
625.1265
0.0239433
145.0142
589.7559
0.01462762
144.0914
624.5555
0.01513022
140.0396
589.1846
0.00580443
139.1345
623.9846
0.006317365
135.0652
588.5858
0.1780759
134.2081
623.4057
0.1837748
130.0709
587.9854
0.3602309
129.2834
622.8264
0.3714073
125.0755
587.3851
0.5423813
124.3587
622.247
0.5590444
120.08
586.7694
0.8901263
119.4068
621.6133
0.8672281
115.1356
586.1524
1.253733
114.4523
620.9743
1.187006
110.1961
585.5353
1.61731
109.4978
620.3353
1.506814
105.2566
584.9196
2.272182
104.5903
619.786
2.083452
100.3164
584.3041
3.008492
99.69602
619.2617
2.73148
95.37577
583.6888
3.745025
94.80191
618.7373
3.379251
90.4352
583.1587
4.890077
89.81437
618.0266
4.303777
85.72523
582.6412
6.0931
84.81516
617.2885
5.270343
81.04696
582.1998
7.516727
79.87095
616.9905
6.447996
76.36773
581.7606
8.947885
74.92714
616.7056
7.630969
71.68945
581.326
10.39329
69.9905
616.4201
8.831427
67.01443
581.0145
12.18945
65.26323
616.1151
10.51574
62.39038
580.7031
13.98554
60.53617
615.8102
12.19995
57.76657
580.4188
15.76497
55.79317
615.5212
13.88661
53.15048
580.2103
17.49774
51.00695
615.2766
15.57978
48.55648
580.0018
19.23055
46.22075
615.0319
17.27309
43.96201
579.8058
20.88929
41.40313
614.824
19.00484
39.38467
579.6334
22.4077
36.52473
614.6859
20.80974
34.83964
579.4611
23.92607
31.64629
614.5479
22.61469
30.29467
579.3392
25.17895
26.72954
614.438
24.04932
25.60675
579.2632
26.18938
21.77741
614.3541
25.1456
20.78768
579.1874
27.1998
16.82557
614.27
26.24178
15.96879
579.1045
28.12627
11.8897
614.1781
27.22658
11.09511
579.0166
28.99058
6.966034
614.0803
28.12893
6.181351
578.9287
29.85494
2.042127
613.9825
29.03131
1.267349
578.838
30.2784
-2.973598
613.8823
29.64112
-3.645956
578.746
30.49864
-8.031361
613.7808
30.11592
-8.558748
578.6541
30.719
-13.08931
613.6794
30.59065
-13.47184
578.6505
30.89781
-18.28899
613.5916
30.8982
-18.25362
578.7417
31.03193
-23.63897
613.5183
31.02644
-22.8973
579.0772
31.05047
-30.21751
613.591
31.12943
-26.30638
579.4139
31.06875
-36.80561
613.6627
31.23266
-29.70638
581.595
29.47361
-42.70974
614.9777
30.36135
-32.80933
583.8314
27.83042
-48.5993
616.327
29.46316
-35.89894
586.2526
26.25465
-54.1537
617.8271
28.56647
-39.18111
589.157
24.8663
-58.79397
619.7377
27.66607
-42.99702
591.9839
23.5828
-63.32757
621.7502
26.72446
-46.92272
594.6524
22.51797
-67.64964
623.9737
25.70501
-51.06556
597.3073
21.40242
-71.95375
626.335
24.62158
-55.12168
599.9465
20.22143
-76.23772
628.8702
23.45708
-59.06307
602.5862
19.04037
-80.52268
631.4051
22.29254
-63.00388
605.2701
17.83142
-84.7095
634.0139
21.11655
-66.95457
607.9818
16.6048
-88.83479
636.6693
19.9333
-70.91194
610.6935
15.37812
-92.96029
639.3245
18.7501
-74.86912
613.4053
14.15146
-97.08577
641.9796
17.56701
-78.82591
616.1689
12.9189
-101.1925
644.6705
16.38542
-82.74115
618.9743
11.68166
-105.2837
647.3903
15.20515
-86.62238
621.78
10.44428
-109.3754
650.11
14.02491
-90.50354
624.5905
9.208527
-113.4665
652.8325
12.84823
-94.38075
627.5416
8.019855
-117.539
655.6437
11.771
-98.15697
630.493
6.831033
-121.6119
658.4544
10.69404
-101.9325
633.4448
5.641948
-125.6854
661.2648
9.617224
-105.7077
636.4088
4.458115
-129.7635
664.073
8.547426
-109.4739
639.8632
3.50115
-134.007
666.8031
7.760726
-112.8882
643.3174
2.5442
-138.2505
669.5336
6.973927
-116.303
646.7712
1.587358
-142.4935
672.2643
6.187104
-119.7178
650.9482
0.9433026
-146.7622
675.0264
5.495762
-122.4696
655.5943
0.4979186
-151.0584
677.7946
4.86326
-124.7913
660.2571
0.05429792
-155.369
680.5465
4.228942
-127.099
665.0756
-0.2044421
-158.6588
683.729
3.544072
-129.5134
670.1897
-0.1056993
-159.7927
687.838
2.781927
-132.1774
675.3047
-0.04472458
-160.9236
691.9468
2.057518
-134.8446
680.4199
-0.02152419
-162.0512
696.0547
1.370916
-137.5147
684.4494
0.01140988
-162.7032
700.2891
0.799535
-142.188
687.827
0.03472373
-163.2596
704.2941
0.3525257
-148.3584
691.3021
0.007173641
-164.6057
707.7064
0.007203544
-154.0666
692.3539
0.006984377
-168.6378
709.9111
0.007011052
-159.4857
693.3865
0.006795231
-172.6185
712.1354
0.006818426
-164.9568
694.3996
0.006606209
-176.5474
714.379
0.006625675
-170.4796
695.3932
0.006417322
-180.4244
716.6419
0.006432807
-176.0538
695.8388
0.00636181
-184.3196
718.488
0.006374
-181.7418
694.6998
0.006706866
-188.296
719.0182
0.006718314
-187.7435
693.5793
0.007052076
-192.0982
719.5299
0.007062507
-193.9198
692.4777
0.007397408
-195.7258
720.0229
0.007406546
-200.2703
691.3947
0.007742893
-199.1792
720.4972
0.007750463
-206.7955
690.3303
0.008088499
-202.458
720.9528
0.008094227
-213.4947
688.2319
0.008068852
-205.9601
717.2888
0.008103106
-218.096
686.0734
0.008037073
-209.5128
713.5015
0.008099184
-222.58
683.8915
0.008006188
-213.1053
709.7378
0.008094369
-227.0238
681.6861
0.007976196
-216.7381
705.9973
0.00808866
-231.4276
679.4573
0.007947098
-220.4108
702.2803
0.008082058
-235.7912
677.2051
0.007918892
-224.1237
698.5866
0.008074563
-240.115
674.9296
0.007891581
-227.8765
694.9166
0.008066175
-244.3984
672.0104
0.009798031
-231.4782
691.2065
0.00996072
-248.2476
668.7186
0.01284604
-234.9764
687.4656
0.01297978
-251.8539
665.4241
0.01589392
-238.4775
683.7272
0.01599926
-255.4576
662.1268
0.01894153
-241.9814
679.9913
0.01901902
-259.0585
658.8273
0.02198871
-245.4878
676.2582
0.0220389
-262.6566
655.5249
0.02503578
-248.9971
672.5276
0.0250592
-266.2521
652.1805
0.02758255
-252.4944
668.801
0.02758323
-269.8193
648.5047
0.0259688
-255.8718
665.0871
0.0259758
-273.175
644.8291
0.02435515
-259.249
661.3734
0.02436844
-276.5305
641.1532
0.02274142
-262.6264
657.6595
0.02276099
-279.8861
637.4774
0.0211277
-266.0038
653.9457
0.02115353
-283.2417
633.8017
0.01951408
-269.3811
650.232
0.01954614
-286.5972
630.1259
0.01790039
-272.7585
646.5182
0.01793866
-289.9528
626.4501
0.01628679
-276.1359
642.8046
0.01633124
-293.3082
622.7742
0.01467312
-279.5134
639.0908
0.01472374
-296.6637
619.0984
0.01305954
-282.8907
635.3771
0.0131163
-300.0191
615.4225
0.01144589
-286.2682
631.6633
0.01150877
-303.3746
611.7467
0.009832334
-289.6456
627.9498
0.009901313
-306.73
607.9886
0.008761554
-293.0947
624.413
0.008833851
-310.1138
604.0734
0.008696775
-296.6817
621.2088
0.008767196
-313.5451
600.1512
0.008632052
-300.2762
618.012
0.008700491
-316.9687
596.2215
0.008567378
-303.8783
614.8224
0.008633731
-320.3847
592.1022
0.008128799
-307.7979
612.3368
0.008198902
-323.9257
587.6495
0.007163054
-312.2673
610.9081
0.007246003
-327.5404
583.0927
0.00619682
-316.8933
609.5839
0.006293686
-330.9981
579.9182
0.006246574
-322.7082
608.9789
0.006349982
-334.3164
577.295
0.006709285
-329.0973
608.6766
0.006815864
-337.4863
574.6276
0.007172074
-335.6416
608.4183
0.007281714
-340.5013
573.6837
0.007362462
-341.7646
608.6905
0.007474876
-344.1432
574.1572
0.007332879
-347.4659
609.3648
0.007447917
-348.3724
574.6313
0.00730328
-353.1793
610.0385
0.007420972
-352.59
575.1062
0.007273668
-358.9041
610.7115
0.007394041
-356.7955
575.5816
0.007244042
-364.6412
611.384
0.007367123
-360.9894
576.0577
0.007214403
-370.3898
612.0557
0.00734022
-365.1713
576.5344
0.007184749
-376.1505
612.7269
0.00731333
-369.3415
577.7835
0.007131641
-381.4913
613.799
0.007260815
-373.6966
579.3192
0.007069819
-386.672
615.0208
0.007198772
-378.1252
580.8542
0.007007997
-391.8508
616.2431
0.007136729
-382.5556
582.3886
0.006946179
-397.0274
617.4659
0.007074689
-386.9879
583.9225
0.006884357
-402.2023
618.6893
0.007012645
-391.4222
585.4558
0.006822539
-407.375
619.9132
0.006950604
-395.8584
586.9886
0.006760719
-412.546
621.1378
0.00688856
-400.2966
588.5491
0.006706187
-417.7038
622.3845
0.006833609
-404.7284
590.9926
0.006878505
-422.5204
624.3037
0.006999476
-408.9067
593.434
0.007050787
-427.3332
626.2247
0.007165364
-413.0884
595.8739
0.007223046
-432.1426
628.1476
0.00733129
-417.2739
598.3119
0.007395277
-436.9485
630.0723
0.007497245
-421.4628
600.748
0.00756747
-441.7506
631.9986
0.007663222
-425.6552
603.1824
0.007739642
-446.5494
633.9268
0.007829236
-429.8513
605.615
0.007911776
-451.3444
635.8567
0.007995271
-434.0508
608.0459
0.008083889
-456.1361
637.7886
0.008161344
-438.254
610.4749
0.008255964
-460.924
639.722
0.008327438
-442.4606
613.5851
0.008130502
-464.9031
642.6105
0.008193271
-446.4359
616.8193
0.007950854
-468.7355
645.6725
0.008004511
-450.3687
620.0536
0.007771162
-472.5676
648.7344
0.00781581
-454.3013
623.2878
0.007591411
-476.3999
651.7964
0.007627151
-458.2343
626.5219
0.007411618
-480.2319
654.8583
0.007438553
-462.167
629.7562
0.007231765
-484.0641
657.9205
0.007249997
-466.1
632.9902
0.007051869
-487.8961
660.9824
0.0070615
-470.0328
636.2244
0.006871914
-491.7282
664.0446
0.006873045
-473.9659
638.1781
0.006871167
-495.5079
666.7405
0.006881347
-479.0022
639.9291
0.006898067
-499.2689
669.3846
0.006920165
-484.2203
641.675
0.006924879
-503.0181
672.0337
0.006959072
-489.4502
643.416
0.006951603
-506.7554
674.6877
0.006998064
-494.6915
645.1519
0.006978241
-510.4813
677.3469
0.007037146
-499.9446
646.8827
0.00700479
-514.1953
680.011
0.007076312
-505.2093
647.613
0.006830764
-518.1216
681.2084
0.006906908
-510.879
647.7047
0.00652834
-522.1863
681.4645
0.006603906
-516.8048
647.796
0.006225903
-526.2482
681.7208
0.006300888
-522.7338
647.8873
0.005923481
-530.3073
681.9772
0.005997884
-528.6654
647.9784
0.005621046
-534.3635
682.2339
0.005694863
-534.6002
648.0693
0.005318612
-538.4168
682.4907
0.005391841
-540.5378
648.16
0.005016194
-542.4672
682.7476
0.005088834
-546.478
647.8666
0.005540103
-546.2037
680.7817
0.00560063
-552.4058
647.4651
0.00623551
-549.9525
678.3815
0.006282302
-558.2531
647.0331
0.006930527
-553.786
676.0118
0.00696443
-564.016
646.5704
0.007625086
-557.704
673.6729
0.007646949
-569.6939
646.077
0.008319255
-561.7069
671.3645
0.008329926
-575.2875
645.553
0.009012965
-565.7943
669.0869
0.009013293
-580.7961
641.7646
0.009170757
-569.2866
665.4832
0.009170757
-583.9584
637.865
0.009310254
-572.7575
661.8339
0.009310254
-587.0416
633.9654
0.009449745
-576.2286
658.185
0.009449745
-590.1243
630.0654
0.009589242
-579.7004
654.5362
0.009589242
-593.2067
626.1653
0.009728733
-583.1724
650.8878
0.009728733
-596.2886
622.2647
0.009868231
-586.6449
647.2394
0.009868231
-599.3701
618.3642
0.01000772
-590.1177
643.5915
0.01000772
-602.4512
617.5347
0.009774827
-594.8304
643.6745
0.009779544
-607.6138
616.8053
0.009529667
-599.5827
643.8784
0.009539599
-612.8448
616.0762
0.009284343
-604.3342
644.082
0.009299842
-618.076
615.3474
0.009038831
-609.0853
644.2853
0.009060248
-623.3082
614.619
0.008793157
-613.8356
644.4882
0.008820841
-628.5408
613.8908
0.008547295
-618.5854
644.6909
0.008581599
-633.7742
613.1629
0.008301269
-623.3345
644.8932
0.008342544
-639.0079
612.4353
0.008055056
-628.0831
645.0952
0.008103652
-644.2426
611.708
0.007808678
-632.8309
645.297
0.007864947
-649.4776
610.9811
0.007562114
-637.5782
645.4984
0.007626407
-654.7135
608.8637
0.09094267
-640.2084
641.5899
-0.07649277
-659.3351
606.3254
0.1975214
-642.2336
636.4922
-0.1838843
-663.7614
603.7711
0.3026593
-644.276
631.41
-0.2898352
-668.1709
601.2013
0.4063463
-646.3353
626.3439
-0.3943349
-672.5633
598.6156
0.5085921
-648.4117
621.2932
-0.4973936
-676.9388
596.0143
0.6093872
-650.5049
616.2585
-0.5990014
-681.2972
592.8967
0.7718399
-651.2974
610.8903
-0.3429997
-685.512
589.6188
0.9550661
-650.8145
604.9186
0.2694408
-689.7022
586.7256
1.091588
-650.209
598.5618
0.9286246
-694.0151
584.2172
1.181395
-649.4811
591.8203
1.634523
-698.4504
581.3038
1.445223
-648.8933
585.3984
2.36776
-701.2048
576.2425
2.333878
-649.0266
580.8729
3.066408
-698.7235
571.2186
3.215113
-649.1554
576.3104
3.772399
-696.2467
566.2316
4.089012
-649.2797
571.7104
4.485803
-693.7744
561.2821
4.955491
-649.3994
567.0735
5.20655
-691.3068
556.3695
5.814634
-649.5145
562.3992
5.93471
-688.8436
551.4944
6.666357
-649.6251
557.6879
6.670213
-686.3851
546.3629
6.490963
-651.7008
554.0427
6.783908
-686.9216
541.0823
5.730907
-654.904
551.0121
6.534415
-689.1819
535.8178
4.974386
-658.1022
547.9661
6.281436
-691.447
530.5325
4.245303
-661.0262
544.8356
6.007192
-693.7508
524.8111
3.809308
-660.8011
540.9149
5.512759
-696.444
519.0515
3.393095
-660.5944
537.0317
4.998497
-699.119
513.2543
2.996705
-660.4061
533.1865
4.464459
-701.7754
507.4191
2.6201
-660.2362
529.3789
3.91059
-704.4136
501.5461
2.263299
-660.0847
525.6091
3.336917
-707.0333
495.6355
1.926318
-659.9516
521.8773
2.743469
-709.6346
489.6869
1.609124
-659.8369
518.1832
2.130188
-712.2176
483.7008
1.311749
-659.7406
514.527
1.497135
-714.7821
478.783
1.429189
-661.9191
510.8691
1.185413
-716.9508
475.4816
2.099895
-667.2981
507.1235
1.374734
-718.6096
472.2406
2.744733
-672.6262
503.3171
1.589964
-720.3197
469.0605
3.363642
-677.9028
499.4502
1.831083
-722.081
465.9408
3.95668
-683.1284
495.5225
2.098113
-723.8936
462.8818
4.523818
-688.3027
491.5341
2.391043
-725.7574
459.8836
5.065029
-693.4256
487.4854
2.709859
-727.6725
456.9459
5.580367
-698.4975
483.3757
3.054589
-729.6389
454.0689
6.06978
-703.5178
479.2056
3.425202
-731.6564
451.2525
6.533319
-708.4872
474.9747
3.821733
-733.7252
448.4969
6.970935
-713.4051
470.6833
4.244143
-735.8452
445.8017
7.382672
-718.272
466.3311
4.692474
-738.0165
443.1673
7.768491
-723.0873
461.9185
5.166682
-740.239
440.2638
8.042856
-727.8855
457.9584
5.60475
-742.6476
435.7965
7.893744
-732.9233
456.4132
5.782832
-745.5964
431.2225
7.71632
-738.1389
454.975
5.989224
-748.3674
428.073
7.275341
-743.2698
455.0853
5.691171
-752.2299
426.2385
6.612653
-748.2982
456.5218
4.932738
-757.0886
424.377
5.941894
-753.4434
457.9852
4.182308
-761.8307
422.4887
5.26313
-758.7051
459.4754
3.439951
-766.4562
420.5736
4.576294
-764.0836
460.9925
2.705597
-770.9652
418.6316
3.881454
-769.5784
462.5363
1.979318
-775.3574
416.6394
3.320896
-774.7055
463.672
1.43389
-780.0977
414.6016
3.035719
-778.8582
463.9352
1.244136
-785.7718
412.579
2.740146
-782.9468
464.1833
1.064801
-791.5096
410.5715
2.434146
-786.9717
464.4163
0.8958695
-797.3116
408.5793
2.117751
-790.9326
464.6342
0.7373571
-803.1772
406.6021
1.790929
-794.8295
464.8368
0.5892483
-809.107
404.6401
1.453712
-798.6625
465.0243
0.4515577
-815.1005
402.6933
1.106067
-802.4316
465.1967
0.3242719
-821.1582
400.7615
0.7480099
-806.1368
465.3539
0.2073976
-827.2798
398.845
0.3795597
-809.778
465.4959
0.1009401
-833.465
396.9615
0.006192659
-813.3597
465.5549
0.006193847
-839.6913
396.294
0.00607901
-817.2423
460.9689
0.006159524
-844.3135
395.5794
0.00596876
-821.2032
456.4297
0.006121793
-848.8578
394.8178
0.005861921
-825.2422
451.9378
0.00608066
-853.3236
394.009
0.005758481
-829.3596
447.4927
0.006036119
-857.7115
393.1533
0.005658451
-833.5549
443.095
0.005988175
-862.021
392.2504
0.005561822
-837.8287
438.744
0.005936824
-866.2525
391.3004
0.005468598
-842.1806
434.4402
0.005882068
-870.4058
390.3034
0.005378783
-846.6105
430.1836
0.005823909
-874.4807
389.2594
0.005292369
-851.1188
425.9739
0.005762343
-878.4776
388.1682
0.005209364
-855.7051
421.8115
0.005697375
-882.3961
387.03
0.00512976
-860.3698
417.6959
0.005628998
-886.2367
385.1842
0.007984627
-864.1622
413.2202
0.008470556
-890.0171
382.4425
0.01467006
-866.752
408.245
0.01511824
-893.7826
379.6737
0.0213547
-869.3649
403.2971
0.02176606
-897.5248
376.8776
0.02803922
-872.001
398.3762
0.02841466
-901.2438
374.0544
0.03472328
-874.6605
393.4825
0.03506371
-904.9398
370.6805
0.03329596
-876.3779
387.9896
0.03363054
-907.7461
367.2129
0.03039695
-877.9205
382.3814
0.03073089
-910.3954
363.7492
0.02749809
-879.4611
376.7697
0.02783137
-913.0464
360.8234
0.02149704
-880.6577
370.2666
0.02182709
-915.0496
358.2523
0.01325864
-881.613
363.1545
0.01358364
-916.5782
355.2764
0.00931937
-882.1053
356.3925
0.009651289
-917.4324
351.3587
0.01632068
-881.4016
350.4342
0.01668992
-916.5876
347.4413
0.02332232
-880.6979
344.4753
0.02372889
-915.7429
343.5242
0.03032396
-879.9943
338.516
0.03076787
-914.8979
339.5029
0.03581543
-879.242
332.6804
0.03629118
-914.004
334.8114
0.03165346
-878.1785
327.6364
0.03212575
-912.796
330.1194
0.02749168
-877.115
322.5932
0.02796052
-911.5881
325.4266
0.0233297
-876.0512
317.5504
0.0237951
-910.3804
320.7333
0.01916792
-874.9874
312.5086
0.01962988
-909.1729
315.9827
-0.02220209
-873.868
307.5463
-0.02294923
-907.9333
311.1132
-0.1420862
-872.632
302.7513
-0.1465742
-906.626
306.2435
-0.2619855
-871.3959
297.956
-0.2701958
-905.3185
301.374
-0.3818941
-870.1598
293.1605
-0.3938082
-904.011
296.5049
-0.5018061
-868.9238
288.3652
-0.5174052
-902.7035
291.6357
-0.6217333
-867.6879
283.5694
-0.640999
-901.396
286.5576
-0.7125248
-866.5693
278.9112
-0.7308735
-900.2664
281.3735
-0.788411
-865.5107
274.3218
-0.8035178
-899.2277
276.191
-0.8642854
-864.4526
269.7313
-0.8761665
-898.1887
271.0098
-0.9401556
-863.3945
265.139
-0.9488268
-897.1494
265.83
-1.016018
-862.3369
260.5453
-1.021495
-896.1098
260.6519
-1.091868
-861.2794
255.9504
-1.094168
-895.0701
255.4712
-1.157888
-860.3171
251.332
-1.157208
-894.1405
250.2621
-1.150253
-860.0665
246.5508
-1.147959
-894.0391
245.0511
-1.142623
-859.8158
241.7709
-1.138705
-893.9379
239.8389
-1.134999
-859.5649
236.9927
-1.129446
-893.8367
234.625
-1.12738
-859.314
232.2158
-1.12018
-893.7357
229.4097
-1.119768
-859.063
227.4407
-1.110909
-893.6346
224.1927
-1.11216
-858.8118
222.6669
-1.101633
-893.5339
218.9741
-1.104559
-858.5605
217.8946
-1.09235
-893.4331
213.6765
-1.100269
-858.3503
213.2007
-1.059968
-893.3515
208.0754
-1.109133
-858.2985
208.8056
-0.9383952
-893.3421
202.4676
-1.118738
-858.2476
204.4176
-0.8160864
-893.3318
196.8527
-1.129085
-858.1976
200.0363
-0.6930298
-893.3207
191.2312
-1.140174
-858.1486
195.6621
-0.5692372
-893.3086
185.6025
-1.152005
-858.1003
191.2945
-0.4446968
-893.2957
179.9672
-1.164578
-858.053
186.9341
-0.3194206
-893.2818
174.3247
-1.177893
-858.0067
182.5804
-0.1933964
-893.267
168.6754
-1.191949
-857.9612
178.2335
-0.06663036
-893.2513
163.3102
-1.18914
-859.9901
174.5559
-0.01151651
-894.5123
158.1319
-1.175789
-863.2654
171.2667
-2.968311E-05
-896.5512
152.9696
-1.162379
-866.533
167.9619
0.01139772
-898.5976
147.8226
-1.14891
-869.7932
164.6413
0.02276713
-900.6517
142.6916
-1.135382
-873.0454
161.3052
0.03407729
-902.7134
137.576
-1.121796
-876.2901
157.9533
0.04532933
-904.7828
133.107
-1.125772
-879.9276
154.6473
0.03890485
-907.4081
128.7581
-1.133052
-883.639
151.3508
0.02917022
-910.1377
124.41
-1.140334
-887.3499
148.0534
0.01943672
-912.868
120.0629
-1.147616
-891.0598
144.7555
0.009704888
-915.5989
115.7163
-1.154899
-894.769
141.4566
-2.622604E-05
-918.3307
112.4978
-1.149905
-899.0359
138.7425
0.006643593
-922.0536
109.4686
-1.142847
-903.3972
136.1269
0.01607239
-925.9432
106.4392
-1.135791
-907.7586
133.5116
0.02550167
-929.8323
103.4095
-1.128734
-912.1203
130.8965
0.03493237
-933.7214
100.3795
-1.121679
-916.4824
128.2815
0.04436398
-937.6102
97.97088
-1.102909
-920.0776
124.5006
0.04532939
-941.8561
95.72119
-1.080745
-923.4712
120.4008
0.04385269
-946.1842
93.44583
-1.058624
-926.8901
116.327
0.04241824
-950.4867
91.1446
-1.036544
-930.3347
112.2787
0.04102567
-954.7638
88.81772
-1.014507
-933.8046
108.2565
0.03967521
-959.0153
85.59543
-1.017546
-935.9254
103.4207
0.03995088
-962.291
81.78146
-1.038332
-937.0651
97.96905
0.04139444
-964.9035
78.00285
-1.059169
-938.1871
92.48157
0.04288787
-967.534
74.25983
-1.080055
-939.2913
86.95853
0.04443085
-970.1824
70.55256
-1.100991
-940.3774
81.40017
0.04602349
-972.8485
66.4093
-1.112755
-941.2858
75.96034
0.04734045
-974.6565
61.98627
-1.118813
-942.0901
70.60438
0.04846317
-975.9265
57.56949
-1.124869
-942.8928
65.24168
0.04958326
-977.1982
53.15939
-1.130921
-943.6939
59.8728
0.05070078
-978.4714
49.4099
-1.142644
-944.3081
53.77362
0.03284401
-979.5728
45.67687
-1.154275
-944.9205
47.65843
0.01488513
-980.6758
42.15282
-1.160841
-945.1043
41.30452
0.005642235
-980.7595
38.81573
-1.161808
-944.8174
34.73163
0.005884588
-979.7291
35.44007
-1.162596
-944.5267
28.19778
0.005948305
-978.7026
31.18293
-1.033461
-943.2215
22.88514
0.1348876
-977.1772
26.82958
-0.8895289
-941.8015
17.70794
0.2785159
-975.5942
22.47773
-0.7455839
-940.3818
12.52878
0.4221455
-974.0106
18.12779
-0.6016401
-938.9628
7.348173
0.565762
-972.4267
13.77934
-0.4576833
-937.5442
2.165608
0.7093798
-970.8422
9.775531
-0.313467
-936.1307
-3.22768
0.6654189
-968.8817
6.186929
-0.169287
-934.7219
-8.874364
0.3937376
-966.4651
2.595832
-0.02560601
-933.3121
-14.51855
0.1225553
-964.0496
-0.3243608
0.01993764
-931.6877
-19.93475
0.02041008
-960.3182
-2.904046
0.01128801
-929.92
-25.19395
0.01174396
-955.8818
-5.340109
0.004474382
-927.972
-30.22803
0.004920106
-951.2648
-7.071589
0.004749796
-925.4542
-34.54451
0.005208685
-945.8225
-8.777102
0.005025106
-922.9724
-38.88666
0.005497341
-940.3446
-10.05205
0.007518283
-919.9802
-41.8907
0.007995959
-934.4673
-11.01841
0.01167305
-916.5861
-43.87807
0.01215015
-928.3107
-11.98498
0.01582762
-913.1914
-45.8651
0.01630414
-922.155
-12.82072
0.02483362
-908.9592
-47.07861
0.0253049
-916.6161
-13.61602
0.03533445
-904.4693
-48.05367
0.03579907
-911.2675
-14.41134
0.04583581
-899.9793
-49.02879
0.04629375
-905.9186
-15.0637
0.03484727
-895.5256
-49.96401
0.03530747
-900.5029
-15.70352
0.02205603
-891.0793
-50.89651
0.02251925
-895.0765
-16.34273
0.009265415
-886.6382
-51.82955
0.009731652
-889.6455
-16.39617
0.007979426
-883.1228
-52.20446
0.008442904
-883.2012
-16.20422
0.01159331
-880.0548
-52.3376
0.01205119
-876.2723
-16.01686
0.01520724
-877.0508
-52.46614
0.01565908
-869.28
-15.08683
0.01924239
-874.6818
-49.57162
0.01970098
-862.4918
-14.0675
0.02331868
-872.3317
-46.39766
0.02378508
-855.7674
-12.60264
0.02963023
-869.7301
-42.90615
0.03010342
-849.7698
-10.36341
0.03988918
-866.728
-38.84177
0.04036747
-845.0132
-7.756368
0.1253434
-863.4747
-35.06783
0.0705249
-840.5744
-4.410877
0.3688583
-859.7388
-31.87118
0.1418233
-836.7582
-1.065127
0.6131909
-856.0026
-28.67446
0.2123193
-832.9421
2.280718
0.8583295
-852.2664
-25.47784
0.2820094
-829.126
5.626493
1.104262
-848.5301
-22.28148
0.3508902
-825.3102
8.939763
1.564405
-844.5242
-19.14596
0.4793103
-821.72
12.11634
2.775101
-839.5784
-16.21037
0.839967
-818.9132
15.1367
4.004196
-834.5746
-13.40677
1.316624
-816.0102
17.53333
5.427624
-829.1282
-11.35777
2.240503
-812.8162
19.90888
6.838843
-823.7222
-9.287466
3.176707
-809.5812
21.85849
8.062451
-818.0347
-7.622913
4.39087
-806.3078
23.46986
9.149643
-812.141
-6.27507
5.812847
-802.988
24.91159
10.11372
-806.7964
-5.587521
7.329127
-798.8965
26.31234
11.02882
-801.5862
-5.102694
8.885808
-794.606
27.58201
11.77836
-796.5428
-4.521875
10.0913
-790.0361
28.71595
12.36933
-791.6818
-3.840636
10.93775
-785.1725
29.85029
12.95669
-786.8193
-3.159712
11.78788
-780.3097
30.98493
13.54037
-781.9561
-2.479168
12.64161
-775.4482
32.11996
14.12045
-777.0914
-1.798937
13.49903
-770.5878
33.17041
14.33941
-772.1467
-1.018923
13.88834
-765.7518
34.15359
14.27327
-767.138
-0.1593895
13.90366
-760.9349
35.13686
14.20691
-762.1288
0.7000446
13.91918
-756.1184
36.12017
14.14035
-757.1193
1.559347
13.93491
-751.3027
37.10363
14.07358
-752.109
2.4186
13.95086
-746.4873
38.08713
14.0066
-747.0984
3.277714
13.96701
-741.6727
39.04883
13.99026
-742.0457
4.214958
13.97238
-736.9105
40.00354
13.98995
-736.9803
5.176849
13.97431
-732.1647
40.95825
13.98964
-731.9152
6.138824
13.97623
-727.4183
41.91292
13.98934
-726.8503
7.100847
13.97815
-722.6716
42.8675
13.98903
-721.7861
8.062866
13.98007
-717.9247
43.82207
13.98873
-716.7221
9.024979
13.98198
-713.1771
44.77657
13.98844
-711.6586
9.987083
13.98389
-708.4294
45.73106
13.98814
-706.5954
10.94928
13.9858
-703.6811
46.68546
13.98785
-701.5328
11.91147
13.98771
-698.9326
46.72796
13.98822
-696.3943
11.91439
13.98855
-694.1202
46.53209
13.98877
-691.2359
11.66652
13.9891
-689.2919
46.33621
13.98932
-686.0767
11.41864
13.98966
-684.4638
46.14034
13.98987
-680.9171
11.17076
13.99021
-679.6362
45.94448
13.99042
-675.7573
10.92289
13.99077
-674.8094
45.74861
13.99097
-670.5967
10.67499
13.99132
-669.9827
45.55275
13.99152
-665.4359
10.42711
13.99188
-665.1567
45.3569
13.99207
-660.2744
10.17921
13.99244
-660.3311
45.16105
13.99262
-655.1127
9.93132
13.99299
-655.5061
44.96519
13.99317
-649.9502
9.683414
13.99355
-650.6813
44.76936
13.99372
-644.7875
9.435514
13.99411
-645.8572
44.57352
13.99427
-639.6241
9.187601
13.99466
-641.0334
44.37767
13.99482
-634.4603
8.939684
13.99522
-636.2101
44.13739
13.99392
-629.3393
8.678408
13.99607
-631.3476
43.75443
13.98838
-624.3563
8.374233
13.99788
-626.3572
43.37149
13.98286
-619.3735
8.070076
13.99967
-621.3671
42.98853
13.97735
-614.3904
7.7659
14.00144
-616.3767
42.60559
13.97186
-609.4076
7.46174
14.00319
-611.3866
42.22263
13.96638
-604.4246
7.157568
14.00493
-606.3962
41.83969
13.96093
-599.4417
6.853409
14.00666
-601.4062
41.48772
13.95674
-594.4325
6.536139
14.00253
-596.4407
41.15338
13.95327
-589.4084
6.211428
13.99509
-591.4894
40.81903
13.9498
-584.3843
5.886715
13.98765
-586.5381
40.48553
13.94686
-579.3638
5.562265
13.98056
-581.5842
40.17041
13.95625
-574.4141
5.243153
13.98146
-576.557
39.85529
13.96563
-569.4643
4.92404
13.98236
-571.5298
39.54017
13.97501
-564.5145
4.604929
13.98326
-566.5026
39.22508
13.98439
-559.5652
4.285845
13.98415
-561.476
39.00957
13.84091
-554.6386
4.067472
13.8434
-556.4284
38.94284
13.46908
-549.7466
3.999586
13.49104
-551.3505
38.87611
13.09725
-544.8546
3.931704
13.13869
-546.2726
38.80937
12.72542
-539.9626
3.863819
12.78633
-541.1946
38.74265
12.35363
-535.071
3.795944
12.434
-536.1174
38.67591
11.98181
-530.1789
3.728062
12.08163
-531.0395
38.64219
11.60493
-525.2729
3.6887
11.67068
-525.9802
38.63686
11.2237
-520.3549
3.673872
11.20932
-520.9366
38.63154
10.84254
-515.4374
3.659046
10.74799
-515.8935
38.62621
10.46135
-510.5196
3.644217
10.28659
-510.8499
38.62089
10.08018
-505.6017
3.629389
9.825172
-505.8063
38.61557
9.699037
-500.6839
3.614559
9.363734
-500.7626
38.61024
9.317909
-495.7661
3.599731
8.902277
-495.7189
38.60648
9.063406
-490.7828
3.594851
8.670683
-490.7206
38.60339
8.86367
-485.7705
3.594276
8.538544
-485.7414
38.6003
8.663939
-480.7582
3.593699
8.406399
-480.7621
38.59721
8.464213
-475.7459
3.593122
8.274249
-475.7827
38.59411
8.264495
-470.7336
3.592548
8.142093
-470.8035
38.59102
8.0648
-465.7219
3.591972
8.009945
-465.8246
38.57793
7.894356
-460.7019
3.59169
7.895862
-460.8521
38.51442
7.871595
-455.6435
3.59289
7.873036
-455.9138
38.45091
7.848835
-450.5853
3.594082
7.850211
-450.9752
38.38742
7.826077
-445.5278
3.595264
7.827388
-446.0369
38.32393
7.803316
-440.47
3.596437
7.804563
-441.098
38.26044
7.780554
-435.4124
3.597609
7.781738
-436.1588
38.19697
7.757793
-430.3551
3.598766
7.758913
-431.2194
38.1335
7.735033
-425.2979
3.599922
7.736088
-426.2798
38.07005
7.712273
-420.2414
3.601065
7.713266
-421.3404
38.0066
7.689512
-415.1847
3.602203
7.690441
-416.4004
37.94315
7.666751
-410.1281
3.603333
7.667617
-411.4602
37.87971
7.64399
-405.0718
3.604454
7.644793
-406.5198
37.81629
7.62123
-400.0162
3.60557
7.621971
-401.5796
37.75287
7.598468
-394.9602
3.606674
7.599147
-396.6388
37.68945
7.575706
-389.9045
3.607775
7.576323
-391.6977
37.62605
7.552944
-384.849
3.608866
7.553499
-386.7564
37.56264
7.530182
-379.7937
3.609951
7.530675
-381.815
37.49926
7.507422
-374.7391
3.611027
7.507854
-376.8738
37.43587
7.48466
-369.6843
3.612093
7.48503
-371.9319
