0.489111
0.47972
0.47391
0.472045
0.474389
0.476708
0.480332
0.488394
0.500824
0.515865
0.523951
0.537313
0.557187
0.58445
0.615879
0.65094
0.678965
0.679482
0.683386
0.673632
0.621682
0.573748
0.530305
0.491745
0.458168
0.424704
0.396408
0.373206
0.355023
0.340384
0.328626
0.321503
0.31891
0.317642
0.314058
0.315027
0.320589
0.330798
0.344646
0.351912
0.364887
0.383578
0.407851
0.437444
0.467077
0.500805
0.538842
0.567891
0.574331
0.586146
0.603399
0.625985
0.653641
0.685983
0.668307
0.650474
0.637618
0.628667
0.623362
0.623182
0.62771
0.634823
0.630795
0.630591
0.634013
0.640787
0.650581
0.622368
0.590517
0.560076
0.531219
0.502782
0.474849
0.447735
0.419195
0.389885
0.365171
0.341563
0.339433
0.351373
0.361764
0.372787
0.381235
0.387461
0.402924
0.414807
0.423497
0.429632
0.43101
0.431382
0.429463
0.422365
0.409953
0.4079
0.415718
0.418906
0.417879
0.411271
0.422515
0.452101
0.47752
0.498603
0.512638
0.523075
0.538921
0.548089
0.551979
0.549389
0.544599
0.536268
0.521479
0.496638
0.466985
0.457079
0.452949
0.443614
0.433923
0.420424
0.406241
0.431381
0.453303
0.47173
0.486585
0.497824
0.505213
0.521996
0.54023
0.554927
0.566127
0.574084
0.578986
0.584021
0.588313
0.589715
0.588814
0.585718
0.580359
0.572796
0.563079
0.551335
0.552119
0.552921
0.551683
0.548319
0.543016
0.535758
0.526663
0.515669
0.502679
0.499363
0.496618
0.491888
0.485028
0.476006
0.465484
0.454013
0.440639
0.433383
0.448357
0.461404
0.472511
0.481921
0.488998
0.493854
0.496575
0.501778
0.511011
0.517799
0.52215
0.524173
0.523683
0.520662
0.515051
0.506871
0.499866
0.506308
0.510059
0.519528
0.527865
0.533451
0.536264
0.536276
0.533451
0.527753
0.520548
0.519981
0.516473
0.513062
0.510247
0.504522
0.495872
0.484291
0.469806
0.452585
0.432635
0.410053
0.393887
0.405845
0.415997
0.426046
0.436617
0.445055
0.451694
0.457548
0.461609
0.464035
0.482559
0.500684
0.518139
0.535149
0.551041
0.565795
0.579502
0.592244
0.604015
0.61664
0.63014
0.642415
0.653345
0.664075
0.673509
0.68181
0.690532
0.696664
0.700191
0.702042
0.701973
0.698245
0.690487
0.680628
0.665248
0.644146
0.615892
0.577767
0.537387
0.500369
0.467786
0.435581
0.404881
0.377241
0.348581
0.319105
0.299977
0.278529
0.253797
0.238766
0.222206
0.2
0.207534
0.214856
0.241405
0.283665
0.328313
0.379281
0.414815
0.440537
0.45989
0.476745
0.494511
0.510422
0.5253
0.539827
0.557202
0.577894
0.600954
0.626903
0.651812
0.675747
0.697579
0.709072
0.722361
0.737432
0.736199
0.73438
0.734483
0.720534
0.697437
0.665574
0.611262
0.551405
0.489422
0.43054
0.36663
0.304085
0.260151
0.231566
0.213938
0.203898
0.2
0.200636
0.204994
0.212397
0.220505
0.229949
0.24128
0.254329
0.268941
0.284981
0.302321
0.304931
0.305759
0.309465
0.317649
0.333002
0.360318
0.408786
0.530218
0.662537
0.723404
0.756386
0.773563
0.781392
0.783542
0.782722
0.78522
0.787657
0.790008
0.792258
0.794391
0.796398
0.798271
0.8
0.798097
0.791979
0.781903
0.766015
0.741206
0.70183
0.63651
0.521376
0.395565
0.307645
0.250675
0.223685
0.219264
0.213722
0.207232
0.2
0.21823
0.240504
0.263201
0.285913
0.315288
0.344168
0.371245
0.416487
0.460184
0.496192
0.525342
0.548374
0.574252
0.598568
0.620246
0.640297
0.659198
0.678543
0.696988
0.717577
0.737251
0.756702
0.773253
0.778243
0.784161
0.791163
0.793186
0.794251
0.792975
0.78817
0.784748
0.782143
0.770582
0.75183
0.732653
0.709778
0.683298
0.654428
0.685306
0.723999
0.753028
0.773875
0.792878
0.8
0.794201
0.794304
0.777338
0.733906
0.664975
0.568889
0.453163
0.344664
0.260154
0.225976
0.214406
0.203585
0.2
0.222026
0.245615
0.27648
0.315157
0.355399
0.403856
0.465878
0.527773
0.593036
0.661357
0.715826
0.758319
0.788579
0.8
0.785736
0.773175
0.762377
0.731862
0.684379
0.640453
0.601849
0.570064
0.526707
0.482706
0.442395
0.406125
0.374488
0.348379
0.329064
0.294744
0.273398
0.267886
0.276297
0.279538
0.284033
0.292537
0.303626
0.315953
0.328282
0.340399
0.356317
0.369869
0.380223
0.386575
0.388161
0.384262
0.374208
0.357363
0.382124
0.401144
0.41277
0.417345
0.403927
0.383411
0.360422
0.341239
0.33618
0.32767
0.315986
0.342223
0.378286
0.414635
0.451302
0.485889
0.516423
0.542881
0.565065
0.583021
0.597232
0.607915
0.614853
0.618118
0.61845
0.616097
0.611307
0.604469
0.595654
0.585069
0.57291
0.566993
0.561265
0.554475
0.546759
0.538789
0.53126
0.523146
0.514542
0.505901
0.506215
0.506247
0.506055
0.505687
0.505185
0.503855
0.501958
0.500017
0.497701
0.495111
0.492526
0.489951
0.489379
0.490709
0.492041
0.493367
0.494677
0.495956
0.497189
0.500237
0.503356
0.506368
0.509253
0.511989
0.514556
0.516133
0.516994
0.517636
0.518047
0.518226
0.518173
0.51355
0.505754
0.497775
0.489652
0.481438
0.473199
0.464704
0.456338
0.448246
0.440563
0.433447
0.419806
0.399433
0.380179
0.362406
0.346627
0.332763
0.321058
0.311697
0.305057
0.301836
0.30243
0.302959
0.30701
0.316325
0.32581
0.333056
0.34459
0.3605
0.384362
0.413377
0.447563
0.490775
0.542287
0.589865
0.621949
0.598783
0.574655
0.551173
0.512453
0.431924
0.339503
0.276672
0.241967
0.218018
0.203519
0.2
0.229699
0.258968
0.287715
0.314013
0.320435
0.330405
0.343296
0.358554
0.37569
0.388246
0.398386
0.411161
0.426328
0.433532
0.437135
0.443084
0.451295
0.461474
0.469275
0.478748
0.489718
0.502
0.504659
0.504981
0.506468
0.5091
0.512852
0.513459
0.513685
0.514711
0.516509
0.519049
0.519953
0.518281
0.51701
0.516098
0.515515
0.510044
0.496104
0.478302
0.453655
0.428987
0.404427
0.380057
0.356004
0.332841
0.311276
0.290737
0.271398
0.253542
0.263729
0.275051
0.287666
0.301352
0.314525
0.329918
0.347639
0.367764
0.382081
0.398717
0.419282
0.443695
0.471775
0.492142
0.510986
0.534902
0.563602
0.563409
0.564927
0.572553
0.586713
0.602564
0.596509
0.595553
0.599973
0.589009
0.558166
0.529497
0.500016
0.457576
0.423193
0.396553
0.37736
0.365318
0.354166
0.348698
0.349647
0.356633
0.369234
0.372257
0.370128
0.372695
0.37965
0.390641
0.405285
0.414061
0.422853
0.434438
0.44859
0.465085
0.470976
0.477157
0.485345
0.495465
0.507453
0.509315
0.511228
0.514574
0.519291
0.523915
0.528153
0.528056
0.527149
0.528201
0.530559
0.533112
0.535433
0.538164
0.540708
0.539028
0.52589
0.513291
0.501186
0.489524
0.478266
0.467375
0.456821
0.446578
0.436631
0.426969
0.417591
0.408418
0.399376
0.391105
0.384655
0.378666
0.378565
0.390101
0.402115
0.414702
0.428615
0.443705
0.460056
0.469155
0.478793
0.488151
0.496984
0.507639
0.519225
0.531772
0.546439
0.563311
0.56472
0.56753
0.572956
0.580169
0.58848
0.600077
0.59305
0.582863
0.575328
0.568433
0.564626
0.564002
0.55568
0.548066
0.543911
0.543168
0.544012
0.536392
0.531847
0.530287
0.531586
0.533667
0.52434
0.517388
0.512716
0.501687
0.492124
0.484431
0.477577
0.469246
0.462201
0.456558
0.455268
0.454888
0.455272
0.455521
0.454664
0.454136
0.453809
0.457571
0.462038
0.466369
0.469059
0.471222
0.473031
0.47639
0.479763
0.482597
0.484846
0.486469
0.48742
0.487666
0.487474
0.487186
0.486139
0.485315
0.484673
0.483261
0.481107
0.47824
0.474678
0.470453
0.465632
0.460273
0.457499
0.455109
0.452384
0.449625
0.446885
0.444139
0.441617
0.439693
0.438166
0.43958
0.443337
0.447969
0.453539
0.460316
0.468489
0.474451
0.481745
0.490754
0.501559
0.514744
0.52961
0.5302
0.53347
0.538768
0.54655
0.556937
0.561294
0.568792
0.579232
0.592957
0.604005
0.613116
0.625012
0.639979
0.656152
0.671369
0.67496
0.666979
0.660532
0.650959
0.641137
0.631677
0.606532
0.581638
0.554629
0.528592
0.503349
0.478411
0.453386
0.427891
0.402948
0.381435
0.359285
0.342182
0.345602
0.347882
0.352162
0.355949
0.357655
0.379873
0.402066
0.422029
0.442867
0.461269
0.48244
0.504593
0.522977
0.537638
0.548347
0.558536
0.567481
0.572758
0.574291
0.571748
0.565873
0.557122
0.543873
0.530874
0.513416
0.503469
0.493807
0.479613
0.462926
0.443068
0.421053
0.396947
0.396835
0.398766
0.397209
0.393808
0.385552
0.389483
0.400829
0.409209
0.418237
0.423292
0.430703
0.433718
0.43904
0.461381
0.479769
0.494952
0.51104
0.523071
0.531053
0.530848
0.524997
0.515573
0.507502
0.499229
0.487854
0.480183
0.471873
0.461534
0.448514
0.433856
0.41811
0.408899
0.402603
0.39608
0.389632
0.385209
0.382493
0.380857
0.38062
0.383433
0.391654
0.402347
0.415929
0.432831
0.449066
0.465052
0.485168
0.509663
0.538826
0.566963
0.593308
0.624403
0.660244
0.694945
0.727653
0.75841
0.786508
0.8
0.787868
0.775744
0.764059
0.735737
0.697646
0.650773
0.575569
0.482123
0.412409
0.35725
0.314263
0.282233
0.249909
0.217016
0.206447
0.2
0.222378
0.28035
0.337893
0.394491
0.45195
0.507204
0.557601
0.603817
0.646861
0.687777
0.726866
0.753163
0.777426
0.8
0.772883
0.743732
0.706827
0.665254
0.594749
0.504597
0.409961
0.321778
0.306834
0.291404
0.29352
0.297305
0.343611
0.406003
0.468764
0.532611
0.596085
0.654178
0.706603
0.753168
0.781749
0.8
0.793571
0.772419
0.723999
0.642699
0.561765
0.481331
0.423519
0.385364
0.371788
0.397127
0.419261
0.442247
0.464098
0.480401
0.490172
0.522708
0.551655
0.573868
0.602738
0.649994
0.696616
0.743195
0.765703
0.78178
0.792568
0.798248
0.8
0.8
0.792453
0.777979
0.757458
0.739474
0.722343
0.702002
0.678428
0.651584
0.58468
0.502797
0.435064
0.384665
0.368123
0.351307
0.335236
0.339097
0.342017
0.344035
0.352319
0.360523
0.368546
0.376257
0.390862
0.412806
0.433622
0.453248
0.471615
0.488659
0.504341
0.518607
0.530819
0.541242
0.55007
0.557339
0.56309
0.56733
0.570058
0.57134
0.571233
0.569804
0.567128
0.563362
0.558731
0.553082
0.546487
0.539002
0.530684
0.521589
0.511841
0.501537
0.490607
0.47909
0.467028
0.45446
0.443305
0.433199
0.439894
0.446263
0.453215
0.46045
0.467785
0.474937
0.481912
0.488569
0.495083
0.501464
0.507732
0.513889
0.520066
0.526271
0.532371
0.538336
0.54414
0.549746
0.555407
0.560854
0.565925
0.570536
0.574592
0.577983
0.580819
0.583279
0.584685
0.584887
0.583876
0.581821
0.57805
0.572396
0.564692
0.555226
0.544398
0.530973
0.514784
0.49568
0.474999
0.452535
0.426929
0.398152
0.366217
0.337517
0.308027
0.276044
0.25824
0.252901
0.244864
0.234054
0.238507
0.255026
0.269236
0.281332
0.304296
0.326921
0.350321
0.387246
0.436354
0.49473
0.555122
0.610558
0.65809
0.70224
0.729392
0.754984
0.781899
0.799867
0.796804
0.796812
0.8
0.787647
0.766753
0.74814
0.731748
0.707589
0.678185
0.649345
0.620822
0.592328
0.564118
0.535577
0.506011
0.487126
0.475141
0.460554
0.45451
0.458691
0.458475
0.453156
0.449856
0.450339
0.444311
0.431753
0.431248
0.452151
0.467345
0.503479
0.546855
0.587024
0.643003
0.68519
0.722684
0.753804
0.771575
0.776641
0.789595
0.788245
0.772727
0.743687
0.720184
0.691749
0.652186
0.607176
0.584669
0.553409
0.516064
0.516212
0.512921
0.503534
0.488353
0.501767
0.511302
0.516203
0.516747
0.514877
0.527694
0.537054
0.543122
0.546113
0.549746
0.560299
0.568556
0.574711
0.579906
0.584344
0.58719
0.588536
0.588477
0.587332
0.585229
0.582098
0.578211
0.57369
0.568213
0.561992
0.555381
0.548448
0.540007
0.529701
0.519203
0.508553
0.497788
0.487448
0.477139
0.466809
0.456488
0.446266
0.435383
0.423312
0.41149
0.400004
0.389098
0.379087
0.369708
0.361065
0.351633
0.343425
0.336713
0.329553
0.323762
0.320381
0.319816
0.322518
0.302186
0.286229
0.276184
0.27311
0.264334
0.268258
0.285909
0.275191
0.23717
0.212055
0.202293
0.2
0.2
0.224413
0.250548
0.2
0.2
0.259035
0.341924
0.387978
0.449828
0.522858
0.585449
0.642348
0.694162
0.699331
0.706667
0.715978
0.726403
0.7136
0.701382
0.689918
0.64541
0.585422
0.512926
0.440377
0.369923
0.299523
0.227052
0.211355
0.2
0.200796
0.214637
0.223663
0.227889
0.235705
0.249708
0.283803
0.363187
0.445265
0.529519
0.606821
0.677442
0.727366
0.76735
0.8
0.780696
0.755802
0.731261
0.699807
0.652553
0.602993
0.528683
0.438345
0.353892
0.274652
0.2
0.21372
0.228166
0.242638
0.25776
0.273014
0.288294
0.320929
0.361967
0.399119
0.432882
0.463669
0.491821
0.502194
0.511888
0.521533
0.531085
0.539998
0.538389
0.536488
0.534251
0.531628
0.528577
0.523317
0.505772
0.486049
0.463797
0.451056
0.458174
0.464794
0.470917
0.476683
0.487712
0.497968
0.507509
0.516388
0.524657
0.525512
0.523405
0.520984
0.518271
0.514407
0.497846
0.480005
0.460797
0.443992
0.443497
0.44306
0.44276
0.442256
0.439274
0.436725
0.434728
0.433415
0.432926
0.433417
0.435052
0.437832
0.438243
0.440348
0.444336
0.450404
0.458755
0.469597
0.483147
0.484536
