-266.3607
0.03032458
-813.2526
-306.9052
0.02816149
-821.3639
-268.5011
0.02573267
-807.3514
-308.1003
0.02335767
-817.843
-270.6392
0.02114016
-801.4567
-309.2976
0.01855445
-814.3155
-272.7749
0.01654704
-795.5688
-310.4972
0.01375183
-810.7814
-274.9084
0.01195333
-789.6874
-311.6992
0.008949811
-807.2407
-277.025
0.01657425
-784.1812
-313.2559
0.01299712
-803.4564
-279.1359
0.02777955
-778.9308
-315.0594
0.02335478
-799.5101
-281.2534
0.03899285
-773.6694
-316.8564
0.03370445
-795.575
-283.3775
0.05021413
-768.3971
-318.6468
0.04404611
-791.6506
-285.6034
0.05968239
-763.2412
-320.4638
0.05277815
-787.6738
-288.5132
0.05653615
-758.9963
-322.5182
0.05002545
-783.2437
-291.4192
0.05339498
-754.7566
-324.5764
0.04726768
-778.8082
-294.3396
0.05037325
-750.2394
-326.5326
0.04446742
-774.6022
-297.3116
0.04766112
-744.9597
-328.2015
0.04156426
-771.0297
-300.2904
0.04494976
-739.6724
-329.8635
0.03866034
-767.4647
-303.2761
0.04223916
-734.3777
-331.5187
0.03575565
-763.9071
-306.9535
0.04102673
-729.3713
-333.244
0.03439078
-760.68
-312.6826
0.04435091
-725.275
-335.2263
0.03769432
-758.4171
-318.3696
0.04767387
-721.2059
-337.2505
0.0409991
-756.1273
-324.0082
0.04799315
-717.9208
-339.8923
0.0413467
-754.2445
-329.6156
0.04033681
-716.6558
-344.0769
0.03383669
-753.5055
-335.2248
0.03268028
-715.3901
-348.2599
0.02632687
-752.7672
-340.8357
0.02502356
-714.1239
-352.441
0.01881725
-752.0294
-346.4484
0.01736666
-712.8571
-356.6204
0.01130781
-751.2923
-352.049
0.01
-711.6049
-360.8149
0.004084037
-750.5566
-357.2989
0.01000004
-710.7385
-365.4345
0.00410125
-749.8442
-362.5494
0.01000005
-709.8718
-370.0535
0.004118484
-749.1318
-367.8004
0.01000005
-709.0051
-374.672
0.004135739
-748.4196
-373.0521
0.01000002
-708.1384
-379.2899
0.004153014
-747.7075
-378.2361
0.01000241
-707.3306
-383.9933
0.004565729
-747.0599
-383.3278
0.01000587
-706.6035
-388.8135
0.005520647
-746.5005
-388.4204
0.01000619
-705.8762
-393.6328
0.006478706
-745.9412
-393.514
0.01000337
-705.1488
-398.4511
0.007439911
-745.3821
-398.6571
0.01085828
-704.5568
-403.2417
0.008497136
-744.9274
-403.9063
0.01358299
-704.2591
-407.9737
0.009756595
-744.6992
-409.1559
0.01630864
-703.9614
-412.7053
0.01101511
-744.471
-414.4058
0.01903524
-703.6637
-417.4366
0.0122727
-744.2429
-419.656
0.02176277
-703.3659
-422.1676
0.01352934
-744.0148
-424.9727
0.02387141
-703.125
-426.8325
0.01444549
-743.8107
-431.0082
0.01921063
-703.506
-430.7824
0.01164706
-743.8682
-437.0362
0.01455647
-703.8862
-434.7398
0.008841987
-743.9263
-443.0567
0.009908942
-704.2658
-438.7047
0.006030277
-743.985
-449.0696
0.005268068
-704.6448
-442.6772
0.003211939
-744.0445
-455.0749
0.0006338278
-705.0231
-446.6573
0.0003869641
-744.1046
-461.1732
-0.0003780387
-705.6963
-450.5174
-0.05361916
-744.27
-467.2979
-0.000511799
-706.4199
-454.3469
-0.1160457
-744.4484
-473.4343
-0.0003189668
-707.1474
-458.1645
-0.1787986
-744.623
-479.337
0.0007505342
-708.5709
-461.9255
-0.2100745
-745.1693
-484.7076
0.003277645
-711.4747
-465.5957
-0.1733515
-746.5273
-490.064
0.006055661
-714.3689
-469.28
-0.1368794
-747.8951
-495.4063
0.009084608
-717.2533
-472.9784
-0.1006584
-749.2727
-500.7345
0.01236448
-720.1279
-476.6909
-0.06468835
-750.66
-506.0486
0.01589528
-722.9929
-480.4176
-0.02896908
-752.0572
-511.3486
0.01967702
-725.848
-484.1584
0.006499267
-753.464
-515.3455
0.01739372
-730.4417
-486.5505
0.008858795
-756.4503
-519.2338
0.01453994
-735.2019
-488.8128
0.008263804
-759.5687
-523.1302
0.01167314
-739.9722
-491.0667
0.007681841
-762.677
-526.8983
0.009993654
-744.5959
-493.3898
0.006962751
-765.9774
-530.4823
0.01001592
-749.0135
-495.8128
0.006025706
-769.5483
-534.076
0.01005179
-753.4486
-498.226
0.005075063
-773.1018
-537.6795
0.01010126
-757.9011
-500.6295
0.004110808
-776.6379
-541.1951
0.01015678
-762.4655
-502.981
0.003245191
-780.15
-543.8238
0.01014936
-767.9005
-504.9418
0.003397626
-783.5939
-546.4531
0.01014182
-773.337
-506.9023
0.003550191
-787.0364
-549.0828
0.01013415
-778.7752
-508.8622
0.003702887
-790.4771
-551.7131
0.01012634
-784.215
-510.8216
0.003855712
-793.9164
-554.3438
0.01011841
-789.6563
-512.7806
0.004008666
-797.354
-554.8577
0.01010295
-795.6072
-513.4114
0.003784065
-801.2521
-555.1073
0.01008318
-801.6004
-513.8807
0.003516159
-805.2282
-555.343
0.01005069
-807.2653
-514.3889
0.003690764
-809.5306
-555.5702
0.01001439
-812.7127
-514.9221
0.004159396
-814.0491
-555.7672
0.009999707
-817.8163
-515.418
0.00433266
-818.9164
-555.939
0.01000021
-822.6375
-515.8823
0.004260789
-824.07
-556.111
0.009999931
-827.4611
-516.3464
0.004189701
-829.2211
-556.2673
0.01001258
-832.5623
-516.6985
0.00435023
-834.1019
-556.4196
0.01002944
-837.7334
-517.0214
0.004569908
-838.9144
-556.6069
0.01002321
-841.737
-517.6251
0.004250736
-844.873
-556.806
0.0100073
-845.3971
-518.3131
0.003769434
-851.1686
-557.7435
0.009999823
-848.758
-519.9973
0.003694427
-857.3386
-559.1878
0.009999735
-851.9108
-522.3644
0.003896549
-863.4257
-560.6337
0.009999976
-855.0685
-524.7301
0.004098345
-869.5076
-562.5854
0.009999935
-859.3098
-526.7678
0.004078253
-874.4306
-564.5891
0.009999916
-863.6618
-528.7722
0.004035007
-879.2348
-566.6038
0.00999996
-867.9535
-530.8394
0.003992666
-884.0619
-568.7654
0.009999925
-871.5088
-533.6851
0.003962471
-889.1569
-570.9251
0.009999929
-875.0602
-536.5329
0.003932239
-894.2557
-573.1539
0.009999931
-878.725
-539.3725
0.003880816
-899.2048
-575.5471
0.00999985
-882.6606
-542.1891
0.003780323
-903.7991
-577.9402
0.009999758
-886.5963
-545.0058
0.003679842
-908.3933
-580.4316
0.009999644
-890.4761
-548.0025
0.003703774
-912.8622
-582.9976
0.009999803
-894.3158
-551.1326
0.003820412
-917.2356
-585.558
0.0100099
-898.1028
-554.2896
0.004008369
-921.6467
-588.1118
0.01003067
-901.832
-557.4766
0.004273223
-926.0995
-590.7493
0.01003117
-904.7951
-561.5225
0.004321238
-930.4647
-593.4708
0.01001179
-907.0372
-566.3774
0.00416446
-934.7416
-596.1968
0.01000863
-909.2336
-571.2742
0.004143915
-939.0092
-598.8995
0.01002982
-911.3332
-576.2681
0.004340504
-943.2866
-601.5713
0.01004808
-913.4111
-581.2928
0.004540029
-947.5855
-604.3868
0.01004425
-914.8251
-587.1086
0.003575994
-950.8106
-607.3762
0.01001621
-915.5973
-593.6818
0.001455315
-952.9468
-610.9981
0.0100228
-916.5337
-599.6507
0.0004046047
-954.8212
-615.7685
0.01010007
-917.7661
-604.5228
0.001315407
-956.2199
-620.5385
0.01017451
-918.9982
-609.3954
0.002229038
-957.6187
-625.2274
0.01202348
-920.0905
-614.4022
0.00494203
-958.9015
-629.6173
0.02046585
-920.6638
-619.9052
0.01432172
-959.7531
-634.0073
0.02890821
-921.2371
-625.4081
0.02370143
-960.6047
-638.3979
0.02232934
-921.8058
-630.9249
0.0169375
-961.3558
-642.7895
0.0135556
-922.374
-636.4428
0.00781529
-962.0922
-647.1389
0.010023
-922.8119
-642.0381
0.003420534
-962.6141
-651.4616
0.01008343
-923.1605
-647.6843
0.002271554
-962.9889
-655.788
0.01014043
-923.5096
-653.3267
0.001126017
-963.3632
-659.5979
0.01008087
-923.7694
-659.4581
0.002579247
-964.1381
-663.3739
0.009999034
-924.0289
-665.6233
0.004068386
-964.915
-667.6419
0.009973094
-923.4686
-671.2032
0.004496968
-964.4718
-672.1447
0.009979323
-922.5325
-676.5059
0.004432946
-963.4694
-676.625
0.009986016
-921.5992
-681.8298
0.004369521
-962.4603
-679.2935
0.01002853
-920.8953
-688.8989
0.004356227
-960.9098
-681.9162
0.010071
-920.2048
-696.0136
0.004342976
-959.3457
-684.5308
0.01010961
-919.4408
-703.0422
0.004326609
-957.6522
-687.7902
0.01008109
-917.1647
-707.7896
0.004256003
-953.9456
-691.0686
0.01005138
-914.8773
-712.5178
0.004186596
-950.2501
-694.3661
0.01002048
-912.5786
-717.2271
0.004118387
-946.566
-697.7828
0.01001259
-910.1854
-721.8118
0.004081
-942.9694
-701.3954
0.01004916
-907.6309
-726.1908
0.004099304
-939.5209
-705.0132
0.01008542
-905.0723
-730.5644
0.004117917
-936.0766
-708.1614
0.01007095
-902.211
-734.7152
0.004033419
-932.1403
-711.1324
0.01003715
-899.2339
-738.7806
0.003909978
-928.0187
-714.1059
0.01000313
-896.2545
-742.8436
0.00378676
-923.8995
-717.681
0.009999832
-892.6392
-746.2919
0.003877403
-920.4036
-721.3208
0.009999881
-888.9554
-749.6742
0.003991105
-916.9747
-724.9606
0.009999942
-885.2715
-753.0565
0.004104796
-913.5457
-728.1548
0.009999596
-881.8031
-756.6982
0.004054238
-909.7256
-731.0218
0.009999422
-878.4944
-760.5316
0.00388362
-905.6176
-733.8853
0.009999854
-875.1896
-764.3684
0.003712398
-901.5059
-737.0857
0.0100058
-871.4958
-767.8469
0.003704503
-897.7639
-740.4782
0.0100143
-867.5805
-771.1215
0.003789216
-894.2325
-743.7338
0.01001764
-863.8111
-774.5288
0.00381177
-890.5516
-746.6981
0.0100111
-860.3525
-778.2188
0.003702884
-886.5523
-749.6594
0.01000493
-856.8975
-781.9117
0.003593628
-882.5493
-752.6177
0.009999136
-853.4462
-785.6077
0.003484003
-878.5426
-755.2692
0.009992737
-849.7681
-788.6926
0.003566954
-874.0474
-757.8799
0.009986578
-846.0547
-791.6892
0.003676652
-869.4866
-760.5441
0.009979727
-842.2651
-794.6345
0.003780137
-865.0038
-763.4872
0.009967362
-838.079
-797.3138
0.003851756
-860.926
-766.4298
0.009955229
-833.8936
-799.9935
0.003923142
-856.8477
-769.3718
0.009943327
-829.709
-802.6738
0.003994297
-852.7686
-772.1528
0.009939127
-825.7432
-805.5032
0.003938723
-848.4623
-774.828
0.009939481
-821.9207
-808.4303
0.003799644
-844.0075
-777.5046
0.00993928
-818.0963
-811.356
0.003661118
-839.5546
-779.6752
0.009937584
-814.2611
-813.9873
0.003659242
-834.6345
-781.7376
0.00993566
-810.4203
-816.5528
0.003686967
-829.6163
-783.8022
0.009933763
-806.5757
-819.1161
0.003714665
-824.6017
-786.0747
0.009931556
-802.3438
-821.4789
0.003770955
-819.9786
-788.4903
0.00992925
-797.8455
-823.7038
0.003846957
-815.6245
-790.7108
0.009944372
-793.634
-826.0857
0.003892587
-810.9636
-792.601
0.009988739
-789.9097
-828.7335
0.003887125
-805.7826
-794.4893
0.0100332
-786.1898
-831.3832
0.003881568
-800.5969
-796.1078
0.01005513
-782.4271
-833.6916
0.003845406
-795.2377
-796.9169
0.0100086
-778.5206
-834.9626
0.003717107
-789.3681
-797.727
0.009961916
-774.6107
-836.2327
0.003588959
-783.5016
-798.5779
0.009924285
-770.5045
-837.4534
0.003507413
-777.8299
-799.5981
0.009925471
-765.5801
-838.4681
0.003622227
-772.9686
-800.6183
0.009926639
-760.6556
-839.4829
0.003737061
-768.1074
-801.6159
0.009926833
-755.7925
-840.5108
0.003804582
-763.1828
-802.5706
0.009925213
-751.0465
-841.564
0.003781896
-758.1375
-803.3195
0.009924268
-746.4464
-842.4418
0.003750822
-752.8859
-803.7968
0.009924214
-742.0389
-843.088
0.003708672
-747.3616
-804.2739
0.009924184
-737.6321
-843.7344
0.003666499
-741.8367
-804.7649
0.009924149
-733.0977
-844.3623
0.003632714
-736.4389
-805.3009
0.009924036
-728.1472
-844.9305
0.003626223
-731.4556
-805.837
0.009923926
-723.1967
-845.4987
0.003619731
-726.4722
-806.3729
0.009923816
-718.2475
-846.0671
0.003612669
-721.4876
-806.8707
0.009923565
-713.6494
-846.6754
0.003442991
-716.1521
-807.3685
0.009923592
-709.0526
-847.2839
0.003273033
-710.8152
-807.728
0.009924924
-704.6273
-847.7318
0.003147588
-705.2975
-807.4937
0.009930653
-700.9388
-847.4893
0.003214797
-699.0023
-807.2596
0.009936149
-697.2578
-847.2463
0.00328224
-692.6996
-806.7009
0.009933378
-692.5497
-846.6537
0.003384012
-687.4836
-806.0808
0.009929135
-687.6472
-845.9952
0.003492169
-682.4732
-805.4608
0.009924958
-682.7445
-845.3368
0.003600259
-677.4629
-804.8408
0.009920844
-677.8418
-844.6783
0.003708286
-672.4526
-804.227
0.009918474
-672.9888
-844.0134
0.003753342
-667.3928
-803.6279
0.009920025
-668.2516
-843.3331
0.003651378
-662.2171
-803.0288
0.009921543
-663.5143
-842.653
0.003549447
-657.0416
-802.3875
0.009922879
-658.8281
-841.9064
0.003469621
-651.8339
-801.4531
0.009923199
-654.4954
-840.6993
0.003542623
-646.4037
-800.5186
0.009923584
-650.1615
-839.4926
0.003615561
-640.9745
-799.4531
0.009923911
-645.7477
-838.1823
0.003658735
-635.6832
-798.2355
0.009924115
-641.2412
-836.7516
0.003667342
-630.5519
-797.0177
0.009924321
-636.7341
-835.321
0.003675948
-625.4211
-795.7191
0.009924269
-631.9281
-833.9738
0.003741215
-620.5887
-794.3556
0.009924103
-626.8817
-832.6932
0.003852066
-615.9961
-793.0195
0.009924115
-621.9369
-831.3845
0.003902425
-611.3021
-791.7853
0.009924324
-617.3691
-829.9709
0.003727469
-606.2321
-790.551
0.009924417
-612.8008
-828.5574
0.003552628
-601.1624
-789.3165
0.009924393
-608.2322
-827.144
0.003377907
-596.093
-787.9689
0.009925324
-604.1542
-825.1941
0.003288312
-590.8271
-786.232
0.009930417
-601.7215
-821.4373
0.003485519
-584.91
-784.4839
0.009936458
-599.2662
-817.6918
0.003681776
-579.0154
-782.3111
0.009947746
-596.2405
-814.2587
0.003774078
-573.7677
-779.5258
0.009965783
-592.4005
-811.2728
0.003714032
-569.4472
-776.7414
0.009984002
-588.5618
-808.2861
0.003653805
-565.1255
-773.9061
0.009999793
-584.674
-805.3386
0.003622186
-560.8608
-770.7804
0.01000061
-580.5051
-802.6174
0.003752149
-556.9233
-767.6535
0.01000067
-576.3345
-799.8974
0.003882875
-552.9876
-764.5253
0.00999997
-572.1622
-797.1785
0.004014365
-549.0535
-761.9791
0.01000015
-569.556
-792.7789
0.003907385
-544.4772
-759.4459
0.00999992
-566.994
-788.3303
0.003793035
-539.8871
-756.616
0.009999529
-564.1315
-784.1578
0.003712608
-535.6174
-753.1844
0.009999603
-560.6611
-780.5449
0.00370142
-531.9971
-749.7529
0.009999673
-557.1908
-776.9321
0.003690239
-528.3768
-746.1909
0.009991647
-553.5884
-773.4504
0.003748969
-524.8878
-742.6094
0.009982461
-549.9666
-769.9881
0.003818094
-521.4183
-739.1048
0.009982033
-546.4223
-766.4488
0.003839428
-517.8716
-735.6628
0.009988736
-542.9415
-762.8464
0.003821665
-514.2618
-732.1057
0.009993224
-539.4712
-759.2487
0.003856346
-510.7547
-728.4274
0.009995363
-536.012
-755.656
0.003946304
-507.3559
-724.7489
0.009997466
-532.5529
-752.0632
0.004036301
-503.9571
-721.0704
0.009999533
-529.0936
-748.4706
0.004126332
-500.5583
-717.5692
0.01000001
-525.8708
-744.6378
0.004063981
-496.9906
-714.1323
0.01000001
-522.7338
-740.718
0.003946538
-493.3616
-710.6773
0.01000009
-519.6172
-736.772
0.003850358
-489.7615
-707.1661
0.01000014
-516.5621
-732.7476
0.003819188
-486.2504
-703.6413
0.01000019
-513.4954
-728.7366
0.003792617
-482.7514
-699.6359
0.009999952
-510.0244
-725.1895
0.003924256
-479.6753
-695.7197
0.009994786
-506.6259
-721.5132
0.004024719
-476.5737
-691.9067
0.009984029
-503.3118
-717.6872
0.004088964
-473.4425
-688.0938
0.009973469
-499.9977
-713.8608
0.004153013
-470.3109
-684.2872
0.009963533
-496.6888
-710.0259
0.00421403
-467.177
-680.755
0.009973177
-493.6081
-705.8108
0.004142825
-463.943
-677.2188
0.009981763
-490.5241
-701.5994
0.004072678
-460.7121
-673.3338
0.009985024
-487.136
-697.7551
0.004120995
-457.763
-669.4604
0.009970519
-483.9567
-693.8787
0.004014109
-454.6317
-667.5715
0.009924131
-483.4535
-687.8215
0.002487154
-449.072
-666.0362
0.009944684
-483.1429
-681.4107
0.0008932194
-443.3195
-663.6739
0.01495052
-482.7069
-675.6609
0.04089014
-437.9258
-659.9424
0.02170335
-481.9254
-671.0608
0.1409223
-433.1876
-656.3447
0.02174742
-481.1733
-666.3265
0.2476657
-428.4197
-652.7158
0.01518403
-480.4004
-661.5465
0.319064
-423.7989
-648.5045
0.009420164
-479.4412
-657.0421
0.2225437
-419.8671
-644.3287
0.008780498
-478.487
-652.5018
0.1208968
-415.9302
-640.1888
0.01326523
-477.5378
-647.9257
0.0141254
-411.9884
-636.1068
0.0103799
-476.6772
-642.3472
0.006915371
-410.4136
-632.037
0.006519629
-475.8254
-636.6686
0.009231264
-409.0578
-627.9767
0.002624473
-474.9743
-630.9807
0.01158204
-407.7014
-624.3179
0.001469491
-474.1276
-624.8603
0.008442946
-409.7278
-620.6286
0.0008259218
-473.2839
-618.7624
0.004103907
-412.5994
-616.8144
-5.819524E-06
-472.446
-612.7952
-1.618584E-05
-415.4801
-616.6482
0.001415215
-472.4277
-604.3762
-5.73686E-05
-420.6161
-616.0092
0.002754576
-472.5291
-596.4299
-1.684343E-05
-425.6327
-615.8235
0.001638897
-472.515
-591.0352
6.218429E-05
-433.6882
-615.1903
9.66314E-05
-472.8728
-586.7886
4.516238E-06
-442.0533
-612.4595
0.02873197
-475.5274
-582.3709
0.03960538
-446.3361
-610.7668
0.02587564
-480.8308
-576.3185
0.03377272
-447.3506
-609.0703
0.02360015
-486.138
-570.2699
0.02735922
-448.3612
-607.3701
0.02190554
-491.449
-564.2252
0.02036505
-449.368
-605.666
0.02079173
-496.764
-558.1841
0.01278987
-450.3709
-604.0089
0.02059863
-501.9755
-552.2642
0.00759144
-451.6668
-602.4882
0.02130899
-506.9211
-546.5883
0.008947136
-453.657
-601.002
0.02191748
-511.8295
-540.8775
0.01040476
-455.6845
-599.5507
0.02242407
-516.7007
-535.132
0.01196426
-457.7493
-598.1341
0.02282877
-521.5346
-529.352
0.01362562
-459.8512
-595.244
0.02126907
-525.8895
-525.1974
0.01261719
-462.5847
-591.4095
0.01851618
-529.9598
-522.0833
0.009882197
-465.699
-587.5739
0.01576326
-534.0313
-518.9702
0.007147246
-468.8121
-583.7374
0.01301037
-538.1038
-515.8582
0.004412398
-471.924
-578.4681
0.01693405
-542.9521
-513.8928
0.002505351
-473.9649
-572.3588
0.024798
-548.2522
-512.5978
0.001106308
-475.3791
-565.7629
0.0292072
-553.0121
-511.4019
7.271301E-05
-476.6967
-557.2543
0.0198565
-555.5688
-510.5493
0.0003055343
-477.6429
-548.9051
0.01072941
-558.0376
-509.5373
0.0003147419
-478.677
-540.7154
0.001826146
-560.4183
-508.366
0.0001003464
-479.7992
-531.5101
0.0006929785
-557.8613
-507.848
6.996226E-05
-480.7379
-522.662
0.0003736204
-554.6809
-506.9348
5.191319E-05
-481.7682
-514.3095
7.471265E-05
-551.3795
-505.5266
1.342199E-05
-482.9195
-506.5305
0.004171417
-545.4129
-504.9355
0.0004770197
-483.7801
-499.542
0.009297403
-538.5536
-504.0457
0.001643006
-484.4883
-493.3124
0.01339174
-531.9081
-502.5425
0.003655618
-484.8173
-487.3505
0.01544916
-526.1257
-501.3808
0.006930026
-483.5886
-481.6066
0.01754129
-520.4549
-500.0011
0.01016973
-482.2483
-476.0809
0.01966806
-514.8959
-498.4033
0.01337467
-480.7963
-470.7732
0.02182958
-509.4485
-496.5873
0.01654498
-479.2326
-466.1172
0.02155104
-504.6883
-495.6122
0.01631194
-475.9923
-461.9857
0.01809844
-500.5865
-496.0606
0.01162548
-470.8023
-457.7101
0.01471075
-496.3107
-496.6532
0.006874305
-465.7865
-453.2903
0.01138779
-491.8609
-497.39
0.002058198
-460.9445
-449.1156
0.009326003
-487.6158
-498.1573
-0.0002071741
-455.7965
-445.1528
0.008049433
-483.5362
-498.9153
-0.0004597474
-450.4091
-441.1347
0.006637531
-479.3602
-499.7284
-0.000577027
-445.1176
-437.0615
0.005090328
-475.088
-500.5967
-0.0005590057
-439.9225
-432.9333
0.003407866
-470.7197
-501.5201
-0.0004056883
-434.8236
-428.7498
0.001590064
-466.2551
-502.4986
-0.0001170679
-429.8209
-425.3744
0.0009991161
-462.0308
-501.7481
-2.360845E-06
-424.9661
-422.379
0.0009997976
-457.9433
-500.2034
-5.541428E-06
-420.1494
-419.3838
0.001000192
-453.8561
-498.6585
-8.435047E-06
-415.3321
-416.3887
0.0010003
-449.7693
-497.1133
-1.10417E-05
-410.5145
-413.3938
0.00100012
-445.683
-495.5681
-1.336145E-05
-405.6964
-410.3991
0.0009996542
-441.5971
-494.0226
-1.539418E-05
-400.8781
-407.4046
0.000998901
-437.5114
-492.4769
-1.714006E-05
-396.0593
-408.6608
0.007214718
-433.2129
-486.1171
0.002300255
-391.7696
-410.6967
0.01445515
-428.5828
-478.8478
0.005559638
-387.8844
-412.5125
0.02124592
-423.641
-471.7986
0.009268938
-384.3108
-414.108
0.02758685
-418.3873
-464.9696
0.01342808
-381.049
-415.4832
0.0334778
-412.8221
-458.361
0.01803694
-378.099
-416.6382
0.03891906
-406.945
-451.9725
0.02309576
-375.4606
-417.573
0.04391048
-400.7563
-445.8043
0.02860441
-373.1339
-414.4327
0.02397712
-397.2679
-441.9662
0.01607552
-369.4847
-410.8471
0.004034766
-394.0177
-438.4994
0.003379104
-365.6527
-403.0443
0.004707836
-391.9043
-439.5004
0.003155749
-360.4424
-394.8169
0.005523459
-389.0833
-440.9261
0.002789831
-355.9398
-386.1646
0.006481672
-385.5546
-442.7765
0.002281333
-352.1449
-377.0876
0.007582458
-381.3181
-445.0515
0.001630261
-349.0577
-367.5862
0.008825786
-376.3741
-447.7512
0.0008366383
-346.6783
-358.6462
0.009950706
-370.5387
-450.5505
7.544644E-06
-344.9101
-357.898
0.008915398
-362.7984
-450.7776
3.080303E-05
-342.6689
-357.1485
0.007869734
-355.0065
-451.0058
6.441888E-05
-340.4793
-356.3978
0.006813738
-347.1631
-451.2353
0.0001083913
-338.3414
-355.6458
0.005747358
-339.2678
-451.466
0.0001627225
-336.2552
-354.8926
0.004670621
-331.3209
-451.6981
0.0002274115
-334.2206
-354.1381
0.003583552
-323.3224
-451.9313
0.0003024561
-332.2377
-353.3824
0.0024861
-315.2721
-452.1659
0.0003878605
-330.3065
-352.6254
0.001378289
-307.1702
-452.4016
0.0004836225
-328.4269
-358.7984
0.002145712
-300.9048
-451.2634
0.0005664631
-327.2421
-368.267
0.003754345
-296.0462
-449.6681
0.0007595574
-325.9433
-377.4401
0.005218088
-291.7306
-448.3683
0.001097542
-324.1015
-386.3176
0.006536909
-287.9581
-447.364
0.001580402
-321.7169
-394.8998
0.007710876
-284.7285
-446.6551
0.002208162
-318.7891
-403.1866
0.008739952
-282.0419
-446.2416
0.002980813
-315.3184
-411.1779
0.009624138
-279.8982
-446.1236
0.003898353
-311.3047
-416.8707
0.002373375
-277.2828
-447.9701
0.00515259
-307.377
-418.317
-0.003185294
-275.343
-453.35
0.005424084
-302.0259
-418.4493
-0.004335009
-274.551
-459.8525
0.005150136
-295.3424
-418.3248
-0.005502423
-274.2702
-466.6116
0.004893921
-288.1478
-417.9434
-0.005923119
-273.8784
-470.9676
0.004459103
-280.285
-417.4779
-0.004754344
-272.3889
-469.8798
0.003615411
-271.9008
-417.017
-0.003575167
-270.9344
-468.7875
0.002761309
-263.4819
-416.5605
-0.002385532
-269.5149
-467.6908
0.001896756
-255.0278
-416.1085
-0.001185467
-268.1303
-466.5895
0.001021774
-246.5386
-415.0526
0.0004682302
-266.5075
-461.0919
0.001615606
-240.8558
-413.8227
0.002143378
-264.706
-455.2024
0.00240555
-235.6419
-412.4818
0.003787693
-262.7469
-449.4237
0.003226328
-230.5856
-411.0127
0.005752467
-260.5894
-443.7013
0.004223933
-225.8122
-409.2141
0.01165873
-257.8309
-437.4768
0.007001859
-222.6099
-407.2721
0.01740518
-254.9677
-431.3957
0.0099396
-219.5123
-405.1868
0.02299168
-251.9998
-425.4581
0.01303708
-216.5195
-401.3601
0.02203816
-249.583
-420.6011
0.01222975
-214.0344
-397.037
0.01915051
-247.3509
-416.0423
0.01022034
-211.6825
-392.7139
0.01626293
-245.1188
-411.4834
0.008210842
-209.3306
-388.3909
0.01337552
-242.8868
-406.9247
0.006201307
-206.9788
-384.0678
0.01048811
-240.6547
-402.3659
0.00419164
-204.6269
-380.075
0.01000094
-238.1982
-397.2658
0.004000784
-202.9393
-376.1281
0.01000086
-235.686
-392.0771
0.004181167
-201.3972
-372.091
0.01000148
-233.0672
-386.9821
0.004358989
-199.9531
-367.877
0.01000318
-230.2023
-382.0736
0.00453097
-198.7335
-363.6009
0.009999223
-227.3899
-377.2094
0.004733845
-197.5043
-358.7955
0.009995983
-225.0166
-372.7224
0.005148309
-196.1963
-354.0172
0.009999867
-222.6796
-368.2027
0.005544335
-194.867
-349.5884
0.009999966
-221.2912
-363.1493
0.00556483
-193.0954
-345.1615
0.009999971
-219.9035
-358.0938
0.00558542
-191.3229
-340.7365
0.009999881
-218.5167
-353.0365
0.005606106
-189.5495
-336.1959
0.009999454
-217.0681
-348.143
0.005593458
-187.7074
-331.2137
0.00999865
-215.3844
-343.8709
0.005456
-185.6154
-326.2219
0.009998766
-213.6965
-339.6082
0.005317619
-183.5275
-321.2207
0.0099998
-212.0046
-335.3548
0.005178319
-181.4437
-315.6844
0.01000416
-209.8416
-331.7914
0.005264141
-179.478
-309.9317
0.01000359
-207.5007
-328.495
0.00542973
-177.5745
-304.8133
0.009994142
-205.411
-324.6593
0.005342483
-175.2306
-300.7449
0.009985331
-203.7511
-319.9192
0.004853948
-172.1673
-296.7038
0.00998521
-202.107
-315.1516
0.004356709
-169.088
-292.6901
0.009993785
-200.4789
-310.3568
0.003850777
-165.9928
-288.1432
0.01000065
-197.8147
-306.5909
0.003642254
-163.1662
-283.1562
0.0100009
-194.3314
-303.6494
0.003669672
-160.5635
-278.1547
0.01000057
-190.8393
-300.7223
0.003697665
-157.9695
-273.857
0.01210082
-187.8452
-297.15
0.005656661
-154.8029
-270.0902
0.01574191
-185.2256
-293.0894
0.009027552
-151.2069
-266.3338
0.01938561
-182.6131
-289.0183
0.01239582
-147.6038
-263.9647
0.01760779
-182.1517
-281.8055
0.01082676
-146.13
-261.7638
0.01473336
-182.0867
-274.0686
0.008253658
-145.1276
-259.4406
0.01186236
-181.9794
-266.4537
0.005677134
-144.1676
-256.3029
0.01000173
-182.035
-259.6365
0.004042195
-143.5643
-251.8522
0.01000376
-182.457
-254.1009
0.00415532
-143.556
-247.4123
0.01000413
-182.8796
-248.5542
0.004270107
-143.5472
-242.9833
0.01000284
-183.3026
-242.9966
0.004386554
-143.538
-239.3945
0.01000314
-184.1955
-236.8146
0.004329819
-144.5927
-236.029
0.01000419
-185.2128
-230.4664
0.004226763
-145.9302
-232.6656
0.01000532
-186.2299
-224.1159
0.004123633
-147.268
-229.0179
0.01341692
-187.3326
-218.0558
0.01372867
-148.5432
-225.3431
0.01737469
-188.4435
-212.0236
0.02523139
-149.8147
-222.9176
0.0156643
-189.3717
-204.9037
0.02836504
-151.8124
-221.5849
0.009918915
-190.0216
-196.805
0.02565085
-154.4709
-220.5387
0.004056752
-190.4778
-188.4195
0.02305323
-157.3233
-220.2321
0.001910922
-191.3167
-182.4336
0.01883384
-163.1979
-220.3606
0.00256135
-192.4124
-178.2423
0.01330601
-171.2343
-220.5573
0.003335232
-193.3661
-173.9829
0.007654852
-179.4125
-220.8222
0.005275551
-194.2897
-171.1892
0.003885545
-187.6638
-221.1167
0.01132528
-195.8197
-174.4427
0.008084094
-195.4779
-221.4154
0.01725523
-197.7148
-177.6921
0.01240216
-202.9267
-222.0163
0.01919455
-199.7372
-181.0909
0.01369269
-210.0514
-222.9257
0.0173466
-201.6618
-184.6194
0.01195679
-217.0826
-223.8591
0.01549927
-203.6438
-188.124
0.01022037
-224.0562
-225.3822
0.01416766
-206.3163
-191.3998
0.008522917
-230.1302
-228.1266
0.01394205
-210.3657
-194.2279
0.006909143
-234.3783
-230.8709
0.01371802
-214.4148
-197.0561
0.005293837
-238.6264
-233.6151
0.01349555
-218.4638
-199.8845
0.003676916
-242.8749
-237.1514
0.01141562
-223.4944
-202.0606
0.00212564
-246.0422
-242.5508
0.005026807
-230.91
-202.6878
0.0008495282
-246.6002
-248.1794
0.001663511
-238.3292
-203.1014
0.000565985
-247.143
-254.2488
0.009138627
-245.4706
-203.1249
0.002644521
-247.9249
-257.9231
0.01377823
-253.5655
-202.8368
0.003754143
-248.3289
-256.3489
0.01135784
-262.4392
-202.0703
0.003873731
-249.1724
-254.6894
0.008844784
-271.5662
-201.3889
0.004085982
-249.7626
-252.9448
0.006239067
-280.9466
-200.7928
0.004390897
-250.0995
-249.308
0.00580371
-287.7266
-199.2377
0.004862653
-251.2722
-244.1075
0.007293676
-292.0859
-196.7862
0.005425854
-253.3426
-238.9263
0.008775907
-296.4238
-194.3151
0.00599689
-255.4347
-233.7645
0.01025033
-300.7401
-191.8246
0.006575733
-257.5485
-228.6223
0.01171695
-305.0347
-189.3145
0.007162385
-259.6839
-222.9868
0.01261795
-306.5254
-185.9954
0.007594955
-262.4574
-217.2431
0.01335486
-307.3347
-182.4716
0.008018667
-265.3918
-211.5139
0.01405934
-308.1323
-178.9333
0.008474808
-268.338
-205.7995
0.01473137
-308.9181
-175.3806
0.008963355
-271.2958
-200.0993
0.01537099
-309.6921
-171.8133
0.009484353
-274.2656
-194.4136
0.01597819
-310.4543
-168.2314
0.01003778
-277.2471
-188.7425
0.01655296
-311.2047
-164.6351
0.01062364
-280.2405
-181.1948
0.01556191
-312.3481
-162.2927
0.009927611
-280.3968
-173.6393
0.01447772
-313.4733
-159.919
0.009146139
-280.418
-166.198
0.01339768
-314.554
-157.4316
0.008360608
-280.4836
-158.8701
0.01232168
-315.5902
-154.8304
0.007570944
-280.5938
-153.0428
0.01208229
-315.9391
-150.6779
0.007029177
-280.5316
-147.6399
0.01209656
-316.0896
-146.0856
0.00655974
-280.4092
-142.2309
0.01211417
-316.2401
-141.4995
0.006086972
-280.2868
-136.8157
0.0121351
-316.3907
-136.9196
0.005610876
-280.1644
-131.3946
0.01215936
-316.5414
-132.3461
0.005131473
-280.0419
-125.9671
0.01218695
-316.6921
-127.7786
0.004648718
-279.9194
-120.6255
0.01221038
-316.8582
-123.1282
0.004275421
-279.8702
-115.8545
0.01218932
-317.1205
-117.9265
0.004602675
-280.2783
-111.0818
0.0121696
-317.3826
-112.7266
0.004928601
-280.6864
-106.3073
0.0121512
-317.6448
-107.5285
0.005253197
-281.0945
-101.531
0.01213413
-317.9069
-102.3322
0.005576465
-281.5027
-96.75321
0.01211839
-318.1689
-97.13789
0.00589839
-281.911
-91.9734
0.01210397
-318.4309
-91.94509
0.006219001
-282.3192
-87.19181
0.01209089
-318.6929
-86.75407
0.006538284
-282.7276
-82.40845
0.01207913
-318.9549
-81.56483
0.006856238
-283.136
-78.44304
0.01314363
-321.3094
-76.24622
0.007900486
-284.4345
-74.55418
0.01424506
-323.7407
-70.8778
0.008977788
-285.7722
-70.71112
0.01534151
-326.1672
-65.46402
0.01005996
-287.1144
-66.9135
0.01643309
-328.5893
-60.00436
0.01114711
-288.4613
-63.36814
0.01353456
-330.7805
-53.94928
0.008983273
-288.9868
-60.00701
0.009420062
-332.872
-47.61104
0.005947712
-289.3085
-56.78049
0.005230754
-334.9254
-41.13819
0.002986959
-289.6685
-53.84593
0.002704711
-336.821
-34.68235
0.001047435
-290.9008
-51.45292
0.005699324
-338.3274
-28.67255
0.002167951
-294.8069
-49.03955
0.008683426
-339.8456
-22.68353
0.003298776
-298.7009
-46.60558
0.01165731
-341.3757
-16.71468
0.004440022
-302.5833
-45.44724
0.01163868
-343.3279
-13.13641
0.00471436
-309.1373
-44.46337
0.01097318
-345.4984
-10.19815
0.004778139
-316.1602
-43.35675
0.01032595
-347.8077
-7.38265
0.004823652
-323.0444
-41.8522
0.01037455
-351.0145
-5.00913
0.005100391
-329.0496
-40.02274
0.01114004
-355.0629
-3.007145
0.005637277
-334.2324
-38.18849
0.01190301
-359.12
-1.009758
0.006176743
-339.4068
-36.34954
0.01266343
-363.1858
0.9829292
0.006718763
-344.5726
-34.44165
0.01272214
-367.4076
2.917819
0.006710421
-349.5778
-32.45584
0.01195405
-371.8074
4.787979
0.006048857
-354.3993
-30.46908
0.01118641
-376.2093
6.657187
0.005386843
-359.2188
-28.48137
0.01041921
-380.6133
8.525444
0.00472438
-364.0363
-26.54035
0.01021912
-385.0144
10.45178
0.004675297
-368.8513
-24.65615
0.01070297
-389.4109
12.44911
0.005366425
-373.6654
-22.77173
0.01118708
-393.808
14.44621
0.006057278
-378.4789
-20.88708
0.01167148
-398.2057
16.44309
0.006747857
-383.2918
-19.00217
0.01211693
-402.6056
18.43912
0.007371245
-388.1028
-17.11624
0.01162251
-407.0476
20.42013
0.006391137
-392.8775
-15.23032
0.01112781
-411.4897
22.40096
0.005411386
-397.6519
-13.34423
0.01063277
-415.9322
24.38182
0.004431898
-402.4262
-11.45807
0.01013743
-420.3748
26.36259
0.003452718
-407.2003
-9.831193
0.01005764
-425.0662
28.02672
0.003465978
-411.9429
-8.251892
0.01005399
-429.8033
29.63277
0.003661379
-416.6798
-6.672589
0.01005021
-434.5403
31.23882
0.003856909
-421.4167
-5.093368
0.01004631
-439.2771
32.84479
0.004052556
-426.1533
-3.561177
0.01004026
-443.9268
34.45593
0.004127863
-430.9915
-2.126493
0.01003
-448.3954
36.07761
0.003953869
-436.0392
-0.691843
0.01001978
-452.8639
37.69932
0.003779845
-441.0871
0.742775
0.01000958
-457.3323
39.32106
0.003605792
-446.135
2.165852
0.009999786
-461.8095
40.92633
0.003441536
-451.182
3.293703
0.009999681
-466.5157
42.10804
0.003529311
-456.2005
4.421545
0.009999627
-471.2217
43.28965
0.003617032
-461.2186
5.54949
0.009999624
-475.9283
44.47127
0.003704706
-466.2368
6.677481
0.009999669
-480.6349
45.65284
0.003792331
-471.2548
7.805515
0.009999767
-485.3418
46.83437
0.003879906
-476.2726
9.042587
0.01000076
-490.3924
47.9636
0.004034961
-480.9329
10.35421
0.01000229
-495.678
49.05706
0.004236202
-485.3488
11.66584
0.01000376
-500.9636
50.1504
0.004437493
-489.7642
12.89573
0.01028964
-505.8955
51.35275
0.004416161
-494.527
14.06249
0.01079505
-510.5541
52.63918
0.004222928
-499.5578
15.2292
0.01130072
-515.2127
53.92563
0.004029439
-504.5887
16.39588
0.01180665
-519.8711
55.21214
0.003835692
-509.6198
17.50697
0.01189328
-524.5872
56.39812
0.003762694
-514.63
18.56519
0.01158122
-529.3581
57.48845
0.003804557
-519.6201
19.62349
0.01126931
-534.1293
58.5788
0.003846249
-524.6103
20.68182
0.01095757
-538.9007
59.66912
0.003887767
-529.6004
21.74018
0.01064601
-543.6721
60.75942
0.003929111
-534.5903
22.79855
0.01033463
-548.4437
61.84969
0.003970283
-539.5802
23.85696
0.01002341
-553.2154
62.93994
0.00401128
-544.57
24.86756
0.01146274
-558.1448
63.93068
0.005576423
-549.4332
25.87415
0.0130467
-563.087
64.91315
0.007267481
-554.2856
26.88079
0.01463075
-568.0295
65.89566
0.008958612
-559.1383
27.88744
0.0162148
-572.9719
66.87818
0.01064973
-563.991
28.89407
0.01779887
-577.9144
67.8607
0.01234084
-568.8437
29.90071
0.01938295
-582.8568
68.84322
0.01403195
-573.6964
30.93292
0.01898973
-587.7706
69.86286
0.01365697
-578.5648
31.98135
0.01733795
-592.6658
70.90607
0.01196692
-583.4428
33.02984
0.01568608
-597.5613
71.94934
0.01027678
-588.3212
34.07833
0.01403421
-602.4567
72.9926
0.008586648
-593.1994
35.12682
0.01238235
-607.3522
74.03587
0.006896514
-598.0777
36.1753
0.01073048
-612.2477
75.07913
0.005206383
-602.9561
37.40382
0.0111082
-617.1279
76.28058
0.005485666
-607.7669
38.75505
0.01286951
-621.9974
77.58988
0.007107602
-612.5319
40.10622
0.01463068
-626.8668
78.89912
0.008729512
-617.2966
41.45744
0.01639188
-631.7363
80.20844
0.01035156
-622.0616
42.80864
0.01815303
-636.6058
81.51777
0.01197366
-626.8267
44.15984
0.01991412
-641.4752
82.82711
0.01359581
-631.5918
45.55058
0.01836273
-646.4871
84.12121
0.01219327
-636.2076
46.94497
0.01650931
-651.5122
85.41386
0.0105151
-640.8097
48.33935
0.01465591
-656.5374
86.70639
0.008837095
-645.4113
49.73386
0.01280232
-661.5628
87.99893
0.007159096
-650.0129
51.12843
0.01094865
-666.5886
89.29142
0.005481183
-654.6143
52.83721
0.01148559
-671.6083
90.81449
0.005995469
-659.0344
54.87535
0.01452852
-676.6216
92.57928
0.008807587
-663.2645
56.91354
0.01757149
-681.6351
94.34404
0.01161967
-667.4944
58.91042
0.02000004
-686.545
96.15177
0.01384329
-671.8272
60.74373
0.01999983
-691.0441
98.1295
0.01374094
-676.5676
62.577
0.01999974
-695.5432
100.1075
0.01363847
-681.3085
64.41015
0.01999977
-700.042
102.0855
0.01353588
-686.0497
66.3069
0.02000004
-704.6968
103.9987
0.01353932
-690.6354
68.35049
0.02000048
-709.7121
105.762
0.01378719
-694.862
70.39438
0.02000067
-714.7281
107.5251
0.0140353
-699.0877
72.43848
0.02000062
-719.7446
109.2877
0.01428364
-703.3126
74.71056
0.02226889
-725.0165
111.2335
0.01673641
-707.0984
77.06715
0.02528707
-730.3898
113.231
0.019923
-710.7222
79.434
0.02830227
-735.7819
115.2183
0.02311256
-714.3268
81.62497
0.02902956
-740.6678
117.8442
0.02371544
-718.1772
83.56083
0.02671166
-744.8416
121.3433
0.02085127
-722.3918
85.48347
0.02440537
-748.9925
124.8555
0.01797575
-726.6287
87.39307
0.02211047
-753.1213
128.3809
0.01508858
-730.8882
89.50563
0.02466802
-757.8593
131.5116
0.01371837
-734.6595
91.63467
0.02757886
-762.6389
134.616
0.01231757
-738.3953
93.76968
0.03060012
-767.4293
137.7145
0.01080633
-742.1202
96.19722
0.03080083
-773.1503
140.2024
0.00952481
-745.0861
99.39745
0.02451511
-781.0228
141.236
0.009177691
-746.2678
102.8352
0.0178608
-789.1625
142.0319
0.0091995
-747.1817
107.5667
0.01147409
-796.324
142.4517
0.009115199
-747.7616
117.6569
0.008289205
-796.9703
142.3192
0.006676837
-747.9793
127.2767
0.00513924
-797.447
142.6572
0.004203559
-748.3666
136.426
0.002024193
-797.7543
143.4656
0.001695362
-748.9232
145.1578
0.004667
-796.2281
144.3511
0.002830932
-749.4586
153.4573
0.0174258
-791.7146
145.0529
0.01084359
-749.6284
161.2029
0.02983242
-787.3113
146.3091
0.01920945
-749.6879
167.021
0.03129737
-784.8659
149.8636
0.01956527
-748.7441
172.0006
0.02697375
-783.4382
154.4573
0.01546211
-747.2987
176.9816
0.02264886
-782.0099
159.0495
0.01136022
-745.8541
181.9641
0.01832268
-780.5809
163.6404
0.007259607
-744.41
187.0644
0.01453507
-779.3156
168.0947
0.00371515
-742.7491
193.588
0.01686761
-779.9245
170.9153
0.006783125
-738.5921
200.2318
0.01890748
-780.4641
173.6156
0.01014377
-734.5043
206.9957
0.02065468
-780.9344
176.1959
0.01379709
-730.4859
213.7911
0.02186997
-781.1726
178.6719
0.01728299
-726.5552
219.6322
0.02011989
-779.4282
181.2434
0.01547543
-722.9023
225.5438
0.01836016
-777.6315
183.7444
0.01367751
-719.3018
231.5256
0.01659088
-775.7825
186.1748
0.01188932
-715.7538
237.5781
0.01481187
-773.8809
188.5348
0.01011069
-712.258
243.7012
0.01302322
-771.927
190.8243
0.008341693
-708.8146
249.1122
0.01050142
-768.9092
193.4663
0.006485859
-705.9377
253.909
0.007388895
-765.057
196.4312
0.004556778
-703.4923
258.7107
0.004272858
-761.2001
199.3912
0.002631211
-701.0518
263.5171
0.001153461
-757.3387
202.3461
0.0007092486
-698.616
267.4712
0.003231415
-752.3979
205.0061
0.001873061
-696.1622
270.9027
0.008331452
-746.8528
207.5161
0.004868526
-693.6697
274.3083
0.01340099
-741.3402
210.0521
0.007894486
-691.1449
277.688
0.01844003
-735.86
212.6141
0.01095094
-688.5877
281.0414
0.02304191
-730.4106
215.1767
0.01378779
-685.9822
284.3755
0.01792131
-724.9403
217.1492
0.01066808
-682.9824
287.7086
0.01280205
-719.4715
219.1224
0.007547455
-679.9815
291.0411
0.007683601
-714.0038
221.0965
0.004425601
-676.9791
294.3729
0.00256623
-708.5374
223.0713
0.001302675
-673.9753
296.1958
0.002705726
-702.1949
224.9936
0.0009152953
-671.1036
297.5064
0.004526509
-695.6291
226.9204
0.001445573
-668.2132
298.792
0.006315487
-689.1337
228.8723
0.002007656
-665.2523
300.0527
0.008072574
-682.7091
230.8489
0.002601515
-662.2212
301.2885
0.00979794
-676.3546
232.8506
0.003227208
-659.1194
302.0848
0.01099779
-670.369
234.7297
0.003369807
-655.4798
302.7516
0.01202674
-664.5124
236.5744
0.003389062
-651.6619
303.4118
0.01302946
-658.694
238.4256
0.003434554
-647.8058
304.0656
0.01400594
-652.9139
240.2834
0.003506285
-643.9115
304.7129
0.01495618
-647.172
242.1476
0.003604252
-639.9789
305.2201
0.0150119
-641.6283
243.8751
0.0035301
-635.7864
305.5497
0.01392998
-636.3147
245.4175
0.003195734
-631.2817
305.8783
0.0128588
-631.0156
246.961
0.002850628
-626.7626
306.2059
0.01179835
-625.731
248.5055
0.00249478
-622.2289
306.5325
0.01074865
-620.4609
250.0511
0.002128191
-617.6809
305.448
0.01254726
-615.3644
252.4018
0.004601675
-612.8864
302.5862
0.01790975
-610.4341
255.7651
0.01068878
-607.8347
299.7272
0.02324541
-605.4489
259.1257
0.01680326
-602.8372
299.6003
0.02104991
-599.9473
259.1501
0.01479967
-598.3445
299.5229
0.01871806
-594.4377
259.1138
0.01264831
-593.8598
299.4456
0.01638637
-588.9289
259.0776
0.0104968
-589.3741
299.3683
0.01405482
-583.421
259.0413
0.008345142
-584.8876
299.291
0.01172354
-577.9142
259.0051
0.006193443
-580.4004
299.2173
0.01570464
-572.6712
258.9667
0.01055517
-575.649
299.1508
0.03176225
-567.9316
258.9242
0.02737722
-570.3942
299.0843
0.04782081
-563.1913
258.8817
0.04419833
-565.1401
299.0178
0.0638803
-558.4504
258.8393
0.06101849
-559.8865
298.9559
0.0799519
-553.7088
258.7977
0.07786322
-554.6341
300.2442
0.09911623
-548.9705
258.9935
0.1019992
-549.4881
301.5325
0.1181466
-544.2439
259.1891
0.126267
-544.3309
302.8208
0.1370449
-539.5286
259.3847
0.1506691
-539.1621
304.1036
0.1613037
-534.7297
259.5431
0.1729296
-534.0709
305.3519
0.2195813
-529.3475
259.4764
0.1806432
-529.5283
306.5997
0.2793394
-523.9403
259.4102
0.1868763
-525.0106
307.8469
0.3405782
-518.5081
259.3446
0.1916286
-520.518
309.0934
0.4032945
-513.0511
259.2797
0.1949003
-516.0505
309.5872
0.4516346
-507.1725
259.2827
0.3165818
-511.9522
309.9436
0.4960802
-501.1992
259.3014
0.4606465
-507.9392
310.2961
0.5392412
-495.2019
259.3241
0.6059959
-503.9503
310.6446
0.5811176
-489.1805
259.3506
0.7526298
-499.9854
310.9893
0.6217094
-483.135
259.381
0.9005483
-496.0446
310.2051
0.6691753
-476.9385
259.3071
1.064213
-492.3293
308.7848
0.7215339
-470.6759
259.1683
1.235859
-488.7217
307.3696
0.7744842
-464.4266
259.0244
1.406913
-485.1007
305.9594
0.8280262
-458.1906
258.8755
1.577375
-481.4664
302.7507
0.9849964
-453.3552
257.0827
1.761937
-477.7459
299.3447
1.154258
-448.6983
255.0901
1.947772
-473.9986
295.9496
1.323932
-444.0602
253.0864
2.133194
-470.2326
292.5659
1.494012
-439.4411
251.0717
2.318193
-466.448
288.7903
1.67777
-434.8143
249.0773
2.494226
-463.0036
282.8804
1.932158
-430.0794
247.2223
2.624862
-461.4569
277.0138
2.185166
-425.3873
245.3238
2.75688
-459.8674
271.1907
2.436792
-420.7379
243.382
2.890279
-458.2353
264.1132
2.636415
-417.6983
241.7143
2.963597
-457.0315
255.8782
2.779259
-416.3702
240.1832
2.976904
-456.2401
247.8886
2.917178
-415.1327
238.4062
2.995145
-455.358
240.6529
3.022253
-414.22
235.8268
3.012984
-454.5915
235.4003
3.021803
-414.2117
231.0843
3.012972
-454.5554
230.1486
3.021354
-414.2036
226.341
3.012959
-454.5193
224.8978
3.020905
-414.1955
221.5968
3.012946
-454.4831
219.6478
3.020458
-414.1874
216.8517
3.012932
-454.4467
214.3991
3.02001
-414.1795
212.1059
3.012917
-454.4104
209.0068
3.018311
-414.373
207.5164
3.01144
-454.6865
203.5874
3.016393
-414.6016
202.9563
3.009708
-455.0171
198.1658
3.014474
-414.8302
198.3984
3.007978
-455.3477
192.742
3.012554
-415.0588
193.8427
3.006248
-455.6783
187.316
3.010634
-415.2875
189.2892
3.004518
-456.0089
181.8599
3.009872
-416.1921
184.943
3.003802
-456.8055
176.3854
3.009902
-417.559
180.7356
3.003778
-457.9211
170.9128
3.009933
-418.9256
176.5264
3.003753
-459.037
165.442
3.009963
-420.2919
172.3152
3.00373
-460.1532
159.9731
3.009993
-421.6579
168.1022
3.003706
-461.2696
154.5061
3.010023
-423.0237
163.8873
3.003682
-462.3864
149.3643
3.011574
-424.715
159.5562
3.005194
-463.8572
144.3298
3.013626
-426.5135
155.1871
3.007212
-465.4447
139.2953
3.015677
-428.3121
150.8176
3.00923
-467.0323
134.2611
3.017729
-430.1105
146.4478
3.011248
-468.62
129.2271
3.019781
-431.9089
142.0777
3.013266
-470.2078
124.7075
3.020021
-434.1731
137.5861
3.013122
-472.2515
120.2605
3.020003
-436.503
133.0772
3.012676
-474.3596
115.8138
3.019982
-438.8328
128.5685
3.012232
-476.4675
111.367
3.019958
-441.1627
124.0595
3.011791
-478.5756
106.9202
3.019931
-443.4926
119.5505
3.011353
-480.6837
102.047
3.01809
-446.6149
115.9101
3.009896
-482.7883
97.13818
3.01603
-449.8266
112.3593
3.008309
-484.9
92.24704
3.013976
-453.0304
108.7909
3.006718
-487.0197
87.37377
3.011925
-456.2261
105.205
3.005122
-489.1472
82.97426
3.111846
-459.2657
101.2069
3.008174
-491.5244
79.12617
3.332738
-462.1264
96.73204
3.018818
-494.1931
75.05527
4.159873
-465.0708
92.79524
3.615624
-497.013
70.91057
5.189534
-468.0429
89.03694
4.405976
-499.8832
67.56323
5.942112
-470.2659
84.41376
5.334767
-503.4512
64.5689
6.581607
-472.1802
79.41186
6.323849
-507.3083
61.22295
7.665229
-474.4642
74.90288
7.440492
-510.7556
57.3038
9.399957
-477.3127
71.16998
8.731009
-513.5813
53.61144
11.01897
-479.9999
67.21661
10.12046
-516.5854
50.772
12.20891
-482.0928
62.43316
11.87819
-520.246
47.75935
12.80005
-484.5318
57.98499
12.91515
-523.884
44.20886
11.92949
-487.8663
54.47777
12.13176
-527.431
40.6586
11.05851
-491.2006
50.97067
11.34886
-530.978
37.10824
10.18703
-494.535
47.46333
10.56639
-534.525
33.55794
9.315085
-497.8695
43.95593
9.784385
-538.0721
30.00769
8.44268
-501.2039
40.44847
9.002836
-541.6193
26.45751
7.569812
-504.5384
36.94095
8.221749
-545.1664
22.90739
6.696484
-507.8728
33.43337
7.441124
-548.7135
19.3575
5.822736
-511.2071
29.9259
6.660998
-552.2605
15.8075
4.948485
-514.5415
26.41819
5.881295
-555.8076
12.25757
4.073772
-517.8759
22.91042
5.102054
-559.3548
8.707693
3.198598
-521.2103
19.4026
4.323274
-562.9019
5.159815
2.84027
-524.695
15.79762
3.761192
-566.3215
1.612545
2.691458
-528.241
12.15325
3.288621
-569.6889
-2.102869
2.507654
-531.8379
8.6652
2.820553
-572.9901
-6.231348
2.239286
-535.5595
5.561187
2.361257
-576.1282
-10.35308
1.969702
-539.2793
2.450071
1.903139
-579.2686
-14.66057
1.656907
-542.8396
-0.7285948
1.52503
-582.2703
-19.36962
1.25575
-546.0707
-4.035214
1.312199
-584.9783
-24.08027
0.8543745
-549.3024
-7.340224
1.099586
-587.6857
-28.79253
0.4527798
-552.5349
-10.64363
0.8871915
-590.3925
-33.35222
0.2944404
-555.8758
-14.18079
0.6615458
-592.8979
-37.89082
0.1575382
-559.2225
-17.74681
0.4352616
-595.3893
-42.42166
0.0200268
-562.5652
-21.3206
0.2095865
-597.8849
-47.88794
0.005139027
-567.1848
-23.52592
0.1188334
-599.6664
-53.44451
0.003598709
-571.9349
-25.59296
0.04328695
-601.3798
-58.20212
0.003828331
-576.0568
-28.36347
0.002343604
-603.8306
-62.00214
0.006496527
-579.426
-31.97548
0.003194519
-607.1668
-65.80226
0.009169726
-582.7953
-35.58702
0.004040258
-610.5026
-69.634
0.01051932
-586.2166
-39.11155
0.004626947
-613.8475
-73.49965
0.01047195
-589.6933
-42.54356
0.004947193
-617.2006
-77.36678
0.01042223
-593.1717
-45.9741
0.005269801
-620.5521
-81.2354
0.01037014
-596.6518
-49.40314
0.005594773
-623.9019
-84.88725
0.01036918
-601.4711
-51.8991
0.00569299
-626.9538
-88.52269
0.01037162
-606.3696
-54.33966
0.005776878
-629.9909
-92.15556
0.01037422
-611.2644
-56.7831
0.005860615
-633.0321
-95.51733
0.009235883
-615.9113
-59.42498
0.005313699
-636.3753
-98.31233
0.005699467
-620.0424
-62.48039
0.003429343
-640.3483
-101.1073
0.002175051
-624.1734
-65.53584
0.001532986
-644.3214
-103.1782
0.004104657
-628.6828
-67.77536
0.002111397
-648.7794
-105.0379
0.007616759
-633.3027
-69.77678
0.003420354
-653.3787
-106.9866
0.01161966
-638.2052
-71.6358
0.005744941
-657.7164
-109.2647
0.01747856
-644.1567
-72.96676
0.01183313
-661.0856
-111.5391
0.0233382
-650.0995
-74.30146
0.01792058
-664.4636
-113.8098
0.02919857
-656.0334
-75.63992
0.0240073
-667.8503
-115.2755
0.02866795
-661.1055
-76.94426
0.02331952
-672.3716
-116.5385
0.02652259
-665.9612
-78.23941
0.02092086
-677.1781
-117.8013
0.02437704
-670.8166
-79.53452
0.01852261
-681.9844
-119.0643
0.0222311
-675.6721
-80.82971
0.01612453
-686.791
-120.2796
0.02010467
-680.6075
-82.03661
0.0137911
-691.5462
-121.1796
0.01810941
-686.0732
-82.65754
0.01188484
-695.9592
-122.0799
0.01611403
-691.5402
-83.27818
0.009978699
-700.3708
-122.9805
0.01411853
-697.0085
-83.89854
0.008072681
-704.7813
-123.8813
0.01212301
-702.4779
-84.51857
0.006166878
-709.1901
-124.691
0.01695651
-707.9896
-85.07416
0.009216488
-713.5708
-124.839
0.07117766
-713.7947
-85.16536
0.04812984
-717.7576
-124.9868
0.1253705
-719.5968
-85.25681
0.08707148
-721.9473
-125.1343
0.1795351
-725.3959
-85.3485
0.1260414
-726.14
-124.9223
0.3196775
-730.9296
-85.12143
0.1974638
-730.588
-124.6874
0.465372
-736.4476
-84.87413
0.2708658
-735.0509
-124.4525
0.6111453
-741.9667
-84.62688
0.3441785
-739.5124
-124.1586
0.7657213
-747.3433
-84.37099
0.4660585
-744.1107
-123.6659
0.9500902
-752.234
-84.08584
0.7518873
-749.1737
-123.1732
1.135013
-757.1255
-83.80075
1.037162
-754.2359
-122.692
1.334445
-762.0515
-83.52435
1.331251
-759.2635
-122.3576
1.709893
-767.3985
-83.35625
1.743017
-763.868
-122.0234
2.085404
-772.7436
-83.18799
2.154681
-768.4738
-121.6893
2.461013
-778.0873
-83.01953
2.566286
-773.0816
-121.3737
2.998364
-783.2924
-82.76927
3.14081
-777.7819
-121.0961
3.872133
-788.2116
-82.34903
4.054679
-782.6718
-120.8186
4.745755
-793.1309
-81.9288
4.968696
-787.5617
-120.541
5.619229
-798.0502
-81.50858
5.88286
-792.4516
-120.4578
6.59687
-802.3948
-81.2153
7.077275
-797.853
-120.4113
7.593441
-806.6289
-80.94547
8.32478
-803.3536
-120.3651
8.589335
-810.8596
-80.67532
9.572963
-808.8577
-120.1553
9.546676
-815.5536
-80.46346
10.69424
-813.9307
-119.9165
10.4974
-820.3304
-80.26195
11.79283
-818.9268
-119.6777
11.44828
-825.1074
-80.06046
12.89127
-823.9227
-119.5345
12.63713
-829.9964
-79.92148
14.07974
-828.7359
-119.4154
13.88569
-834.9135
-79.79823
15.29078
-833.5031
-119.2963
15.13432
-839.8307
-79.67496
16.50188
-838.2704
-119.1768
16.39652
-844.7665
-79.55201
17.67237
-843.0261
-119.0562
17.69841
-849.7562
-79.42996
18.72414
-847.7474
-118.9357
19.00038
-854.746
-79.3079
19.77583
-852.4686
-118.8152
20.30242
-859.7358
-79.18585
20.82746
-857.1899
-118.706
21.53221
-864.5721
-79.0757
21.93693
-862.068
-118.6222
22.60173
-869.0688
-78.99191
23.17509
-867.295
-118.5383
23.67137
-873.566
-78.90816
24.41313
-872.5215
-118.4975
24.76039
-878.3116
-78.85938
25.51464
-877.5266
-118.4985
25.86814
-883.2977
-78.8445
26.48382
-882.3174
-118.4995
26.97596
-888.284
-78.82964
27.45293
-887.1081
-118.5008
28.15358
-893.3395
-78.81503
28.45628
-891.8062
-118.5025
29.40807
-898.4714
-78.80074
29.49714
-896.4017
-118.5041
30.65775
-903.5868
-78.78642
30.53987
-901.0148
-118.5053
31.782
-908.2785
-78.77072
31.63248
-906.0693
-118.5065
32.90626
-912.9702
-78.75502
32.7251
-911.1238
-118.5077
34.03051
-917.6618
-78.73931
33.81771
-916.1783
-118.6457
34.87048
-922.7228
-78.8354
34.61924
-920.9686
-118.8197
35.63535
-927.8818
-78.96108
35.34373
-925.6881
-118.9937
36.40032
-933.0419
-79.08679
36.06819
-930.407
-119.1537
37.09755
-937.6586
-79.2412
36.79305
-935.6786
-119.3044
37.7489
-941.9078
-79.41503
37.51817
-941.3241
-119.4551
38.40033
-946.1584
-79.58888
38.2432
-946.9681
-119.6194
39.03977
-950.6068
-79.75865
38.94551
-952.4186
-119.8269
39.64083
-955.6815
-79.91535
39.57564
-957.2561
-120.0345
40.24184
-960.7563
-80.07204
40.20577
-962.0931
-120.3428
40.5406
-965.9166
-80.32104
40.51122
-966.8792
-120.7196
40.63384
-971.1354
-80.6328
40.59585
-971.6301
-121.0935
40.72664
-976.3143
-80.94707
40.68232
-976.4209
-121.4346
40.81427
-981.0387
-81.28947
40.78948
-981.6664
-121.7756
40.90191
-985.7629
-81.6319
40.89664
-986.9119
-122.1167
40.98953
-990.4868
-81.9743
41.00381
-992.1573
-122.2953
41.0067
-995.7431
-82.17407
41.01526
-996.8881
-122.4534
41.01498
-1001.066
-82.35588
41.01466
-1001.555
-122.5995
41.01851
-1006.22
-82.52788
41.01305
-1006.391
-122.729
41.01555
-1011.144
-82.68648
41.01006
-1011.457
-122.8586
41.01258
-1016.068
-82.84508
41.00706
-1016.524
-122.9485
41.00977
-1021.06
-82.97263
41.00423
-1021.519
-122.2878
41.00977
-1027.339
-82.51176
41.00428
-1025.173
-121.6271
41.00977
-1033.616
-82.05081
41.00433
-1028.828
-120.996
41.00976
-1039.104
-81.4902
41.00432
-1033.263
-120.3864
41.00975
-1044.018
-80.85695
41.00425
-1038.267
-119.7445
41.00974
-1048.976
-80.21008
41.00419
-1043.219
-118.5951
41.00975
-1054.618
-79.3497
41.00422
-1047.368
-117.4458
41.00977
-1060.259
-78.48929
41.00423
-1051.517
-116.3508
41.0098
-1065.459
-77.53878
41.00429
-1056.101
-115.2634
41.00983
-1070.598
-76.57568
41.00434
-1060.745
-113.9985
41.00954
-1075.599
-75.33398
41.00399
-1065.409
-112.5773
41.00896
-1080.482
-73.84706
41.00327
-1070.089
-111.2085
41.00815
-1085.185
-72.26502
41.00306
-1074.936
-109.8706
41.00721
-1089.781
-70.62717
41.00316
-1079.881
-108.4381
41.00655
-1094.702
-68.98685
41.0033
-1084.47
-106.8454
41.00632
-1100.173
-67.34618
41.00349
-1088.456
-104.0125
41.00668
-1105.988
-65.77692
41.00386
-1091.523
-100.0005
41.00759
-1112.086
-64.25504
41.00439
-1093.749
-96.01323
41.00849
-1118.134
-62.70835
41.00493
-1096.024
-92.66976
41.00927
-1123.013
-60.25489
41.00373
-1099.283
-89.64559
41.01001
-1127.313
-57.34702
41.00161
-1103.027
-86.46534
41.01069
-1131.649
-54.47447
40.99968
-1106.63
-81.79546
41.01068
-1136.308
-51.92652
40.99959
-1108.885
-77.20778
41.01068
-1140.83
-49.26327
40.99985
-1111.241
-73.02245
41.01067
-1144.682
-46.03764
41.0018
-1114.095
-68.83434
41.01064
-1148.537
-42.8148
41.00376
-1116.947
-65.03545
41.01056
-1151.757
-39.20509
41.00374
-1120.436
-61.24205
41.01046
-1154.968
-35.58993
41.00369
-1123.934
-57.34725
41.01059
-1158.265
-32.07518
41.00327
-1127.346
-53.40416
41.01082
-1161.603
-28.60896
41.00268
-1130.715
-49.63816
41.01089
-1164.877
-25.018
41.00211
-1134.205
-46.40566
41.01051
-1167.962
-21.05526
41.00157
-1138.057
-43.17104
41.01012
-1171.05
-17.09465
41.00104
-1141.907
-40.25334
41.00971
-1174.067
-13.1725
41.00074
-1146.124
-38.48271
41.00922
-1176.837
-9.393
41.00128
-1151.667
-36.69565
41.00873
-1179.625
-5.629932
41.00181
-1157.191
-34.45177
41.009
-1183.254
-2.56855
41.00241
-1162.031
-32.03357
41.00956
-1187.207
0.2230082
41.00304
-1166.609
-29.6151
41.01012
-1191.16
3.014297
41.00367
-1171.186
-28.44519
41.00954
-1194.57
5.442328
41.0037
-1177.087
-27.37849
41.00888
-1197.93
7.844834
41.00368
-1183.101
-26.3154
41.00821
-1201.281
10.25095
41.00367
-1189.123
-25.05119
41.0081
-1205.264
12.19531
41.00356
-1194.604
-23.75237
41.00809
-1209.355
14.05893
41.00343
-1199.995
-22.58847
41.00803
-1213.729
15.60382
41.00296
-1205.234
-21.52552
41.00794
-1218.318
16.90772
41.00225
-1210.355
-20.46295
41.00785
-1222.906
18.212
41.00154
-1215.479
-19.44309
41.00732
-1227.381
19.54582
41.00066
-1220.717
-18.43419
41.00667
-1231.826
20.88741
40.99974
-1225.987
-17.43402
41.00629
-1236.703
21.96597
40.9995
-1230.883
-16.44025
41.00611
-1241.917
22.84084
40.99978
-1235.488
-15.48119
41.006
-1247.084
23.72472
40.99997
-1240.145
-14.55481
41.00597
-1252.208
24.61701
41.00009
-1244.849
-13.62834
41.00594
-1257.333
25.50921
41.0002
-1249.552
-12.75027
40.83554
-1262.238
26.38555
40.91803
-1254.479
-11.96057
40.35452
-1266.74
27.23274
40.6853
-1259.81
-11.17301
39.87442
-1271.25
28.07849
40.45034
-1265.134
-10.64844
39.43742
-1276.34
28.79919
40.04571
-1269.925
-10.12361
39.00026
-1281.432
29.51963
39.64125
-1274.714
-10.03436
38.39886
-1285.628
29.72148
39.17779
-1280.433
-10.1215
37.73129
-1289.463
29.71257
38.68992
-1286.526
-10.20814
37.06421
-1293.305
29.70318
38.20157
-1292.612
-10.22175
36.50727
-1296.812
29.46236
37.5317
-1299.02
-10.19569
36.01059
-1300.138
29.09408
36.76201
-1305.603
-10.31736
35.47619
-1303.773
28.74535
35.92121
-1311.855
-10.56422
34.9118
-1307.659
28.40998
35.01544
-1317.84
-11.82114
34.52308
-1311.74
26.76714
34.61034
-1323.217
-13.3127
34.17467
-1315.872
24.82378
34.32124
-1328.449
-14.9234
33.8399
-1320.144
22.93546
34.0122
-1333.517
-16.88119
33.54504
-1324.816
21.20706
33.64487
-1338.112
-18.83921
33.25051
-1329.489
19.47889
33.2772
-1342.706
-20.41975
33.10496
-1332.321
16.12029
33.10313
-1348.48
-21.77648
33.054
-1334.011
11.74096
33.05235
-1354.974
-23.2897
33.00747
-1335.907
7.496998
33.0057
-1361.248
-26.61321
33.01944
-1340.053
4.784067
33.01355
-1365.068
-29.86441
33.02921
-1344.066
1.921446
33.01965
-1368.958
-32.65131
33.02511
-1347.233
-1.8854
33.01498
-1373.303
-35.43816
33.02101
-1350.4
-5.692302
33.01031
-1377.648
-38.30321
33.0176
-1353.322
-9.791476
33.00689
-1381.827
-41.41771
33.01634
-1355.478
-14.809
33.00739
-1385.483
-44.53636
33.0151
-1357.638
-19.82158
33.00789
-1389.134
-47.7908
33.01363
-1359.893
-24.74445
33.00676
-1392.623
-51.71664
33.01103
-1362.62
-29.22662
32.99741
-1395.301
-55.64561
33.00836
-1365.348
-33.70566
32.98812
-1397.977
-59.57773
33.00564
-1368.079
-38.18156
32.9789
-1400.651
-63.58319
33.05729
-1370.796
-42.41643
32.95543
-1403.587
-67.61794
33.13268
-1373.507
-46.55047
32.92535
-1406.636
-71.65134
33.20869
-1376.216
-50.68585
32.89465
-1409.686
-75.63953
32.92047
-1378.854
-55.05029
32.69427
-1412.491
-79.6009
32.39538
-1381.446
-59.56147
32.38245
-1415.135
-83.56484
31.87157
-1384.04
-64.07008
32.06934
-1417.777
-88.06841
31.30208
-1386.358
-68.2793
31.72651
-1420.265
-92.71716
30.71802
-1388.605
-72.40681
31.37834
-1422.71
-97.3688
30.13145
-1390.853
-76.53062
31.03275
-1425.153
-101.6382
29.40736
-1393.057
-80.96503
30.44341
-1427.68
-105.8114
28.64942
-1395.248
-85.47773
29.79391
-1430.229
-109.9832
27.89111
-1397.439
-89.99185
29.14477
-1432.779
-113.913
27.11345
-1399.267
-94.96224
28.18505
-1435.129
-117.7314
26.3266
-1400.926
-100.1442
27.08041
-1437.383
-121.5512
25.53941
-1402.586
-105.3247
25.9761
-1439.637
-125.3724
24.75189
-1404.246
-110.5038
24.87212
-1441.891
-129.7085
23.99866
-1406.06
-115.2707
24.00504
-1443.866
-134.3503
23.26598
-1407.964
-119.793
23.27879
-1445.676
-138.992
22.5333
-1409.867
-124.3155
22.55253
-1447.486
-143.6335
21.80063
-1411.771
-128.8381
21.82627
-1449.297
-148.216
21.2082
-1413.592
-133.4799
21.23305
-1451.107
-152.644
20.98235
-1415.196
-138.433
20.98768
-1452.917
-157.0722
20.75648
-1416.801
-143.3867
20.74227
-1454.727
-161.5003
20.53062
-1418.405
-148.3406
20.49686
-1456.538
-165.9281
20.30477
-1420.01
-153.2947
20.25144
-1458.348
-170.5794
20.17784
-1421.759
-157.8806
20.1206
-1460.383
-175.4429
20.14262
-1423.645
-162.1199
20.09623
-1462.625
-180.3123
20.10725
-1425.532
-166.3533
20.07202
-1464.865
-185.1878
20.07172
-1427.422
-170.5807
20.04796
-1467.103
-190.0693
20.03603
-1429.314
-174.802
20.02406
-1469.338
-194.9877
20.01857
-1431.376
-178.7735
20.01289
-1471.818
-199.9571
20.02148
-1433.631
-182.4574
20.01576
-1474.566
-204.9465
20.0244
-1435.895
-186.1212
20.01863
-1477.304
-209.956
20.02731
-1438.168
-189.765
20.0215
-1480.034
-216.2083
20.02986
-1441.099
-192.1713
20.02347
-1482.094
-222.967
20.03231
-1444.335
-194.074
20.02515
-1483.846
-229.8761
20.03478
-1447.692
-195.8262
20.02681
-1485.478
-236.9354
20.03728
-1451.17
-197.4282
20.02845
-1486.988
-242.2235
20.03791
-1456.258
-198.6733
20.0294
-1488.428
-243.409
20.03466
-1464.367
-199.5203
20.02884
-1490.106
-244.459
20.03153
-1472.219
-200.5029
20.02816
-1492.04
-245.3733
20.02852
-1479.815
-201.6212
20.02736
-1494.23
-244.005
20.01952
-1487.992
-202.342
20.0191
-1495.973
-242.261
20.00964
-1495.896
-203.0312
20.00969
-1498.008
-240.4735
19.99979
-1503.391
-203.7639
20.00025
-1500.453
-237.8479
20.00301
-1509.596
-204.1304
19.99904
-1503.975
-235.1606
20.00741
-1515.484
-204.4173
19.99916
-1507.79
-235.3698
20.27086
-1520.001
-203.2526
20.00969
-1513.205
-235.9282
20.57766
-1524.296
-201.9067
20.00826
-1518.869
-236.3457
20.83607
-1528.153
-201.2272
20.05887
-1524.972
-236.4539
20.9733
-1531.283
-201.9216
20.23807
-1531.799
-236.5644
21.11088
-1534.451
-202.6137
20.41692
-1538.589
-236.6772
21.24881
-1537.658
-203.3035
20.59541
-1545.339
-237.4871
21.74942
-1540.03
-204.4135
21.08989
-1552.707
-238.3407
22.32852
-1541.969
-205.725
21.65484
-1560.458
-240.1475
22.75197
-1543.911
-208.6338
22.26821
-1566.621
-243.217
22.98928
-1546.11
-213.3554
22.93842
-1570.618
-246.2888
23.22719
-1548.312
-218.0748
23.60802
-1574.611
-249.3629
23.4657
-1550.515
-222.7919
24.27701
-1578.603
-253.0399
23.8115
-1553.082
-226.9776
24.85809
-1582.134
-257.325
24.2645
-1556.013
-230.6288
25.35161
-1585.204
-261.614
24.71715
-1558.948
-234.2762
25.84548
-1588.271
-265.9021
25.18589
-1561.982
-237.9103
26.30744
-1591.259
-270.178
25.70708
-1565.323
-241.5123
26.66641
-1594.007
-274.4549
26.22853
-1568.664
-245.1132
27.02514
-1596.754
-278.7397
26.7505
-1572.011
-248.7035
27.3831
-1599.499
-283.7069
27.3026
-1575.845
-251.337
27.68801
-1602.099
-288.7145
27.86173
-1579.732
-253.9304
27.98591
-1604.646
-293.7622
28.42787
-1583.671
-256.4835
28.2768
-1607.141
-295.0218
28.84425
-1589.231
-258.0569
28.72038
-1611.117
-296.2457
29.26043
-1594.776
-259.6397
29.16419
-1615.128
-297.2254
29.57599
-1599.768
-261.1996
29.49158
-1619.778
-298.072
29.83294
-1604.454
-262.7373
29.75167
-1624.783
-297.5734
29.97027
-1609.496
-262.8742
29.96905
-1629.502
-296.2941
30.04067
-1614.737
-262.2059
30.1596
-1634.06
-295.0117
30.11373
-1619.973
-261.5407
30.34748
-1638.625
-294.1037
30.17189
-1624.938
-261.3773
30.48115
-1643.326
-295.726
30.11348
-1628.115
-264.5607
30.26778
-1648.908
-297.3469
30.05519
-1631.29
-267.7455
30.05428
-1654.493
-298.5704
30.04156
-1633.5
-272.9431
30.03211
-1659.916
-299.7975
30.0325
-1635.654
-278.3001
30.02918
-1665.283
-302.9643
30.028
-1637.67
-283.4381
30.02593
-1668.556
-306.7205
30.02518
-1639.564
-288.6284
30.02188
-1671.119
-310.2288
30.02234
-1641.332
-294.0676
30.01647
-1673.805
-313.88
30.01977
-1643.116
-299.3807
30.01191
-1676.44
-318.4426
30.01903
-1644.986
-303.8921
30.01283
-1678.759
-322.9674
30.01827
-1646.839
-308.4382
30.01365
-1681.103
-326.2283
30.01752
-1648.143
-314.1129
30.01055
-1684.277
-329.414
30.01683
-1649.423
-319.8628
30.00738
-1687.476
-336.3146
30.02076
-1650.705
-322.3976
30.00896
-1689.44
-344.2301
30.02566
-1652.108
-324.0137
30.01138
-1691.047
-350.5557
30.02013
-1656.247
-325.2196
30.00848
-1692.82
-355.6366
30.00771
-1662.1
-326.3481
30.00205
-1694.799
-358.8912
30.0028
-1667.253
-327.413
29.99968
-1698.344
-359.8373
30.00751
-1671.541
-328.3448
30.00262
-1703.874
-360.7707
30.01226
-1675.816
-329.2894
30.00553
-1709.416
-361.6914
30.01704
-1680.08
-330.2467
30.00841
-1714.969
-362.9237
30.01444
-1682.6
-333.0462
30.00708
-1721.357
-364.1403
30.00577
-1683.573
-337.5576
30.0027
-1728.573
-365.5117
30.00439
-1684.017
-343.392
30.00416
-1733.823
-367.7157
30.01696
-1683.836
-351.125
30.01591
-1735.079
-369.9522
30.02953
-1683.666
-358.8254
30.02767
-1736.324
-371.977
30.03192
-1683.49
-366.773
30.02641
-1736.918
-373.7879
30.02793
-1683.308
-374.9571
30.01684
-1737.099
-375.5179
30.024
-1683.13
-383.2221
30.0072
-1737.276
-377.1669
30.02015
-1682.956
-391.5681
29.99748
-1737.45
-380.3961
30.01475
-1682.331
-397.7801
29.99784
-1734.913
-383.7964
30.00933
-1681.653
-403.7796
29.99885
-1732.193
-387.2487
30.00403
-1680.955
-409.7271
29.99975
-1729.493
-391.2344
30.00311
-1679.734
-414.4677
30.00183
-1726.14
-395.9579
30.00871
-1677.741
-417.4325
30.00592
-1721.746
-400.655
30.01423
-1675.762
-420.4244
30.01012
-1717.34
-405.3253
30.01965
-1673.796
-423.4431
30.0144
-1712.92
-409.6661
30.01985
-1670.985
-427.2016
30.0146
-1709.875
-413.9901
30.01983
-1668.139
-430.9945
30.01462
-1706.889
-418.3109
30.01982
-1665.294
-434.7907
30.01464
-1703.902
-422.6287
30.0198
-1662.45
-438.5899
30.01467
-1700.913
-426.6273
30.0198
-1659.719
-442.6238
30.01465
-1697.702
-429.3029
30.01991
-1657.452
-447.6235
30.01446
-1693.567
-432.0022
30.02001
-1655.17
-452.5997
30.01428
-1689.447
-434.725
30.02011
-1652.873
-457.5523
30.0141
-1685.341
-437.4714
30.0202
-1650.563
-462.4813
30.01392
-1681.249
-441.0391
30.0206
-1647.365
-466.3582
30.01419
-1677.782
-445.0837
30.02118
-1643.649
-469.6209
30.01473
-1674.68
-449.1291
30.02176
-1639.932
-472.8835
30.01527
-1671.578
-453.1749
30.02235
-1636.215
-476.1458
30.01581
-1668.477
-457.2211
30.02293
-1632.498
-479.4076
30.01635
-1665.376
-460.5818
30.02302
-1629.311
-484.5977
30.01443
-1663.846
-463.3039
30.02295
-1626.619
-491.373
30.01041
-1663.423
-465.8772
30.02317
-1624.042
-498.2971
30.00611
-1662.886
-468.2379
30.02242
-1621.524
-504.9568
30.00222
-1661.559
-470.2044
30.01555
-1618.797
-509.6548
30.00169
-1656.838
-472.1433
30.0086
-1616.099
-514.3804
30.00123
-1652.087
-474.0397
30.00213
-1613.411
-519.0482
30.00107
-1647.261
-475.5758
30.00886
-1610.235
-521.6762
30.00594
-1641.35
-477.1273
30.01556
-1607.036
-524.2889
30.01083
-1635.462
-478.6967
30.02216
-1603.818
-526.8696
30.01566
-1629.59
-480.5842
30.01973
-1600.997
-527.7238
30.01267
-1622.8
-482.5206
30.01727
-1598.046
-528.5293
30.00972
-1616.139
-484.5057
30.01476
-1594.965
-529.2859
30.0068
-1609.608
-486.5396
30.01222
-1591.755
-529.9938
30.00392
-1603.207
-488.1425
30.01059
-1587.849
-530.7155
30.00246
-1597.402
-489.2191
30.01005
-1583.269
-531.494
30.00256
-1592.161
-490.2967
30.00951
-1578.684
-532.2715
30.00266
-1586.925
-491.3752
30.00898
-1574.093
-533.0481
30.00275
-1581.694
-492.4548
30.00845
-1569.496
-533.8237
30.00283
-1576.469
-493.5353
30.00793
-1564.895
-534.5984
30.00291
-1571.25
-494.6167
30.00741
-1560.288
-535.3721
30.00298
-1566.035
-495.6991
30.0069
-1555.675
-536.1448
30.00305
-1560.826
-496.7764
30.00694
-1550.718
-536.9553
30.00343
-1555.969
-497.8517
30.00714
-1545.655
-537.778
30.00392
-1551.219
-498.9269
30.00735
-1540.593
-538.6011
30.00441
-1546.467
-500.0018
30.00756
-1535.533
-539.4244
30.00489
-1541.714
-501.0764
30.00777
-1530.475
-540.2479
30.00537
-1536.959
-501.9933
30.00969
-1525.771
-541.2126
30.00641
-1531.846
-502.9074
30.01164
-1521.073
-542.1798
30.00746
-1526.728
-503.8215
30.01359
-1516.375
-543.147
30.00851
-1521.609
-504.7356
30.01554
-1511.678
-544.1142
30.00956
-1516.49
-505.6497
30.0175
-1506.98
-545.0814
30.01061
-1511.372
-506.5638
30.01945
-1502.282
-546.0486
30.01166
-1506.253
-507.4861
30.02038
-1497.496
-547.0003
30.01197
-1501.221
-508.4297
30.0187
-1492.486
-547.9123
30.01043
-1496.409
-509.3732
30.01702
-1487.477
-548.8243
30.00887
-1491.599
-510.3168
30.01534
-1482.467
-549.7363
30.00732
-1486.787
-511.2603
30.01367
-1477.457
-550.6483
30.00577
-1481.976
-512.2039
30.01199
-1472.447
-551.5604
30.00422
-1477.164
-513.1475
30.01031
-1467.437
-552.4724
30.00267
-1472.353
-514.0917
30.00909
-1462.392
-553.3783
30.0019
-1467.576
-515.0372
30.00866
-1457.286
-554.2737
30.00244
-1462.858
-515.9827
30.00823
-1452.18
-555.169
30.00299
-1458.14
-516.9283
30.0078
-1447.073
-556.0644
30.00354
-1453.422
-517.8738
30.00737
-1441.967
-556.9597
30.00409
-1448.704
-518.8194
30.00695
-1436.86
-557.855
30.00463
-1443.986
-519.5131
30.11577
-1432.449
-558.8854
30.16184
-1438.558
-520.1059
30.28118
-1428.247
-559.9232
30.38051
-1432.911
-520.1698
31.01036
-1423.722
-560.0825
30.90576
-1427.524
-520.2338
31.7397
-1419.196
-560.2419
31.43097
-1422.136
-520.2946
32.49826
-1414.876
-560.3212
32.21141
-1416.583
-520.3539
33.27379
-1410.672
-560.3544
33.13801
-1410.939
-520.3983
32.97854
-1406.027
-560.392
32.86031
-1405.619
-520.4419
32.62851
-1401.36
-560.4298
32.52103
-1400.315
-520.4857
32.276
-1396.688
-560.4676
32.17936
-1395.016
-520.5457
31.70959
-1391.566
-560.5005
31.63042
-1390.207
-520.6057
31.14319
-1386.444
-560.5334
31.08146
-1385.396
-520.6658
30.5768
-1381.322
-560.5663
30.53248
-1380.586
-520.7258
30.01043
-1376.2
-560.5992
29.98349
-1375.775
-520.7859
29.44407
-1371.079
-560.6321
29.43449
-1370.964
-520.8434
28.80409
-1366.099
-560.657
28.78524
-1366.035
-520.8983
28.09008
-1361.26
-560.6738
28.03529
-1360.987
-520.9531
27.37603
-1356.421
-560.6904
27.28538
-1355.939
-521.008
26.66195
-1351.582
-560.7072
26.53549
-1350.892
-521.0629
25.94783
-1346.742
-560.724
25.78564
-1345.844
-521.1177
25.23369
-1341.902
-560.7407
25.03582
-1340.797
-521.1745
24.39695
-1336.944
-560.7315
24.25405
-1335.893
-521.2318
23.52628
-1331.953
-560.715
23.46326
-1331.028
-521.2892
22.65576
-1326.962
-560.6985
22.67231
-1326.163
-521.3466
21.78539
-1321.971
-560.682
21.88121
-1321.297
-521.4039
20.91518
-1316.981
-560.6655
21.08995
-1316.432
-521.4612
20.04512
-1311.991
-560.649
20.29854
-1311.566
-521.5076
19.1479
-1307.001
-560.6246
19.49474
-1306.707
-521.5283
18.18836
-1302.01
-560.5823
18.66277
-1301.865
-521.5492
17.22892
-1297.02
-560.5399
17.83051
-1297.023
-521.57
16.26968
-1292.03
-560.4976
16.99806
-1292.18
-521.5667
15.31852
-1287.077
-560.4619
16.16002
-1287.299
-521.4857
14.39254
-1282.242
-560.4476
15.30479
-1282.299
-521.4048
13.46643
-1277.409
-560.4333
14.44968
-1277.298
-521.3239
12.54021
-1272.575
-560.419
13.59469
-1272.297
-521.243
11.61386
-1267.742
-560.4047
12.73982
-1267.295
-521.1581
10.69862
-1262.919
-560.3614
11.87347
-1262.284
-521.0641
9.809298
-1258.121
-560.2507
10.98033
-1257.249
-520.97
8.919975
-1253.323
-560.1401
10.08719
-1252.215
-520.876
8.030652
-1248.525
-560.0295
9.194053
-1247.18
-520.7819
7.141328
-1243.726
-559.9189
8.300916
-1242.146
-520.6311
6.290062
-1239.022
-559.7495
7.411283
-1237.015
-520.429
5.473173
-1234.402
-559.5266
6.524625
-1231.794
-520.2267
4.65633
-1229.783
-559.3036
5.637921
-1226.574
-520.0246
3.839532
-1225.165
-559.0807
4.751172
-1221.353
-519.8225
3.02278
-1220.546
-558.8578
3.864377
-1216.131
-519.348
2.380841
-1216.059
-558.4486
3.052057
-1210.774
-518.7903
1.793904
-1211.617
-557.9812
2.261638
-1205.369
-518.2333
1.208196
-1207.18
-557.5129
1.46999
-1199.96
-517.3367
0.8276855
-1203.172
-555.8071
1.001846
-1194.494
-516.1169
0.6341359
-1199.511
-552.9847
0.8293019
-1189.021
-514.8809
0.4412416
-1195.798
-550.1787
0.6561023
-1183.6
-513.6284
0.2490027
-1192.032
-547.3891
0.4822475
-1178.232
-511.6123
0.1423226
-1188.419
-544.45
0.3458442
-1173.22
-508.9924
0.1046391
-1184.965
-541.3782
0.2397704
-1168.46
-506.3758
0.06733823
-1181.517
-538.3026
0.1332998
-1163.693
-503.7627
0.03042378
-1178.076
-535.2234
0.0264428
-1158.919
-501.4425
0.02994482
-1175.526
-530.8473
0.02451909
-1154.051
-499.117
0.02997693
-1172.976
-526.4625
0.02408746
-1149.193
-496.7863
0.03059219
-1170.419
-521.9949
0.02431119
-1144.434
-494.4603
0.03702578
-1167.865
-516.6514
0.03102099
-1140.577
-491.5006
0.03999439
-1165.445
-511.6499
0.03395424
-1136.971
-488.0461
0.03998318
-1163.18
-506.8925
0.03364034
-1133.538
-484.6031
0.039974
-1160.922
-502.1235
0.03332442
-1130.098
-480.1666
0.03422599
-1158.209
-498.4682
0.06747431
-1126.946
-475.0116
0.02290864
-1155.159
-495.6124
0.1265878
-1124.019
-469.8045
0.009471253
-1152.075
-492.8095
0.1878166
-1121.126
-465.4064
0.151729
-1147.746
-490.3105
0.1607909
-1118.256
-461.1562
0.3219486
-1143.198
-487.8612
0.1177653
-1115.387
-456.9048
0.492306
-1138.649
-485.4131
0.07460208
-1112.52
-453.0418
0.6240526
-1133.947
-483.2425
0.06043163
-1109.348
-450.0587
0.6673075
-1128.887
-481.7115
0.1128095
-1105.491
-447.062
0.7103554
-1123.807
-480.1942
0.1653944
-1101.654
-444.0518
0.7531964
-1118.709
-478.6902
0.2181862
-1097.835
-442.0623
0.8647051
-1112.848
-477.9288
0.2302603
-1094.194
-440.6761
1.016356
-1106.55
-477.5957
0.2185463
-1090.646
-439.2908
1.16786
-1100.255
-477.2617
0.2069779
-1087.095
-437.9065
1.319219
-1093.963
-476.9266
0.1955552
-1083.542
-437.3422
1.633509
-1087.666
-476.8141
0.1604156
-1079.906
-437.295
2.048665
-1081.376
-476.8413
0.1120837
-1076.209
-437.2491
2.461618
-1075.097
-476.8672
0.06598961
-1072.5
-437.2045
2.87233
-1068.831
-476.8918
0.022138
-1068.778
-437.1212
2.972577
-1063.729
-476.8523
0.04684877
-1063.887
-437.029
3.002023
-1058.892
-476.7982
0.08696723
-1058.729
-436.9367
3.031457
-1054.056
-476.7441
0.1270992
-1053.572
-436.8445
3.060877
-1049.22
-476.6899
0.1672443
-1048.414
-436.3618
3.218617
-1045.076
-476.0632
0.156661
-1042.661
-435.5927
3.470997
-1041.443
-475.0153
0.1084239
-1036.468
-434.8243
3.723871
-1037.814
-473.9669
0.05969286
-1030.27
-433.7708
3.887411
-1034.147
-472.2842
0.02984142
-1024.383
-432.368
3.941963
-1030.414
-469.8418
0.02398872
-1018.89
-430.9585
3.995465
-1026.662
-467.4062
0.01918685
-1013.417
-429.5424
4.047911
-1022.891
-464.9774
0.01543546
-1007.963
-427.556
4.075791
-1019.144
-462.6324
0.01164198
-1002.723
-424.8411
4.070748
-1015.467
-460.3817
0.008686543
-997.7259
-422.1376
4.062965
-1011.812
-458.1197
0.008470774
-992.7062
-419.4455
4.052443
-1008.18
-455.8462
0.01099491
-987.6638
-417.5004
4.082061
-1005.862
-451.5623
0.01813555
-982.4293
-416.521
4.169291
-1005.301
-444.5189
0.03120184
-977.0295
-415.4258
4.253045
-1004.625
-437.5913
0.04774547
-971.7454
-413.2297
4.212695
-1004.036
-430.7348
0.04592037
-968.4422
-410.5054
4.10855
-1003.535
-423.8682
0.03343296
-966.1308
-407.789
4.025765
-1003.16
-416.9058
0.02294135
-964.2488
-405.0697
4.019382
-1003.216
-409.6344
0.01894164
-963.9017
-402.3411
4.012986
-1003.272
-402.3723
0.01495337
-963.5555
-398.6465
3.758962
-1003.493
-396.1194
0.0196563
-963.9299
-394.3534
3.356251
-1003.815
-390.4902
0.02673829
-964.7441
-390.047
2.957165
-1004.139
-384.8741
0.03019536
-965.5572
-385.7425
2.586777
-1004.498
-379.2699
0.03011012
-966.4026
-381.8069
2.846089
-1005.708
-373.6419
0.03032815
-968.0864
-377.8716
3.105444
-1006.917
-368.0136
0.03050256
-969.7703
-373.9366
3.364842
-1008.126
-362.385
0.03063357
-971.4542
-370.0019
3.624284
-1009.336
-356.7561
0.03072083
-973.1382
-366.3546
3.47955
-1011.151
-351.3673
0.03655219
-975.4947
-362.8303
3.171997
-1013.205
-346.0659
0.04638362
-978.123
-359.3159
2.862462
-1015.253
-340.7546
0.0581975
-980.756
-355.9981
2.638664
-1017.304
-335.4349
0.07009459
-983.6461
-354.1221
3.085927
-1019.393
-330.1127
0.06698132
-988.477
-352.2651
3.535603
-1021.466
-324.7723
0.06141174
-993.324
-350.4266
3.98778
-1023.522
-319.4125
0.05338478
-998.1879
-348.6347
4.027782
-1026.908
-316.7025
0.04007006
-1003.684
-346.8318
4.039498
-1030.403
-314.1821
0.02738214
-1009.2
-345.015
4.050294
-1033.921
-311.6756
0.01561403
-1014.695
-343.1843
4.060172
-1037.459
-309.183
0.004764557
-1020.168
-342.5773
3.942101
-1041.696
-307.8835
0.003603339
-1025.732
-342.008
3.819808
-1045.947
-306.616
0.003253818
-1031.305
-341.441
3.696959
-1050.193
-305.3463
0.003458858
-1036.884
-340.8763
3.573556
-1054.433
-304.0742
0.004218459
-1042.468
-340.3593
3.45407
-1058.665
-302.8758
0.007338524
-1048.073
-340.3695
3.385817
-1062.862
-302.549
0.03159189
-1053.866
-340.38
3.317462
-1067.057
-302.2219
0.05594802
-1059.661
-340.3908
3.24901
-1071.25
-301.8945
0.08040452
-1065.457
-340.4019
3.180449
-1075.442
-301.5668
0.1049664
-1071.255
-340.5223
3.131073
-1079.826
-301.398
0.1426392
-1076.856
-340.9398
3.134113
-1084.74
-301.6635
0.2160195
-1081.914
-341.3575
3.136875
-1089.653
-301.929
0.2896782
-1086.972
-341.7751
3.139359
-1094.565
-302.1944
0.3636152
-1092.031
-342.2098
3.138745
-1099.366
-302.5135
0.4469222
-1097.197
-342.6623
3.135041
-1104.049
-302.8886
0.5398388
-1102.474
-343.1147
3.131215
-1108.732
-303.2635
0.6328763
-1107.751
-343.5562
3.118157
-1113.531
-303.6382
0.7746606
-1112.912
-343.9755
3.086709
-1118.565
-304.0122
1.013749
-1117.841
-344.3947
3.055029
-1123.598
-304.3862
1.253068
-1122.769
-344.814
3.023121
-1128.631
-304.7602
1.492594
-1127.696
-345.2249
3.08771
-1133.676
-305.1277
1.575601
-1132.615
-345.6348
3.162922
-1138.723
-305.4945
1.641389
-1137.532
-346.0447
3.238142
-1143.769
-305.8614
1.707168
-1142.449
-346.4327
3.233427
-1148.772
-306.2177
1.807988
-1147.413
-346.8059
3.174212
-1153.745
-306.5669
1.932735
-1152.41
-347.179
3.114915
-1158.717
-306.916
2.057565
-1157.406
-347.5522
3.055537
-1163.69
-307.2652
2.182477
-1162.402
-347.8619
2.890787
-1168.663
-307.5764
2.210466
-1167.401
-348.0879
2.587021
-1173.637
-307.8376
2.110164
-1172.402
-348.3138
2.283443
-1178.61
-308.0988
2.009672
-1177.403
-348.5398
1.980055
-1183.584
-308.3599
1.908991
-1182.404
-348.7657
1.676857
-1188.558
-308.6211
1.808121
-1187.406
-349.0106
1.057126
-1193.589
-308.8945
1.259655
-1192.281
-349.2589
0.3804408
-1198.631
-309.1701
0.6306852
-1197.135
-349.5072
-0.29622
-1203.672
-309.4457
0.001691088
-1201.989
-349.7242
-0.8955821
-1208.299
-309.7488
-0.6596959
-1207.265
-349.8987
-1.390129
-1212.363
-310.0892
-1.364634
-1213.11
-350.0984
-1.425708
-1216.935
-310.3409
-1.53214
-1218.436
-350.3407
-0.6835134
-1222.358
-310.4421
-0.7915049
-1222.891
-350.5829
0.05868549
-1227.785
-310.5434
-0.05087409
-1227.343
-350.8252
0.8008885
-1233.216
-310.6447
0.6897524
-1231.791
-351.0416
1.431618
-1238.323
-310.7811
1.33743
-1236.585
-351.1935
1.783416
-1242.614
-311.0052
1.752423
-1242.253
-351.3453
2.135322
-1246.907
-311.2292
2.167309
-1247.918
-351.4971
2.484107
-1251.212
-311.4526
2.578187
-1253.572
-351.6337
2.456442
-1256.514
-311.5946
2.533919
-1258.261
-351.7703
2.428765
-1261.815
-311.7365
2.489659
-1262.95
-351.9069
2.401076
-1267.117
-311.8785
2.445409
-1267.639
-351.9322
2.085543
-1272.281
-311.9646
2.131277
-1272.444
-351.9238
1.682618
-1277.403
-312.0336
1.73518
-1277.285
-351.9154
1.279705
-1282.524
-312.1027
1.339069
-1282.126
-351.907
0.8768061
-1287.646
-312.1718
0.942946
-1286.968
-351.8987
0.47392
-1292.766
-312.2408
0.5468096
-1291.811
-350.6768
0.3678459
-1298.618
-311.532
0.417695
-1295.759
-349.4365
0.2665327
-1304.469
-310.8086
0.2931722
-1299.706
-348.1979
0.1650556
-1310.306
-310.0835
0.1688131
-1303.667
-346.961
0.0634148
-1316.129
-309.3567
0.04461784
-1307.641
-344.7701
0.05051444
-1323.223
-308.5721
0.03598289
-1310.089
-342.5303
0.03828421
-1330.412
-307.8279
0.02843121
-1312.438
-340.2493
0.02595986
-1337.688
-307.1246
0.02097172
-1314.701
-336.506
0.01917616
-1343.352
-305.5784
0.0161373
-1317.098
-331.4659
0.01757612
-1347.433
-303.1935
0.01368398
-1319.707
-326.465
0.015959
-1351.479
-300.7693
0.01124775
-1322.353
-321.5033
0.01432479
-1355.487
-298.3061
0.008828609
-1325.036
-316.1037
0.0121586
-1359.356
-295.8408
0.006665079
-1327.243
-309.7208
0.008948939
-1363.032
-293.4893
0.004998649
-1328.426
-303.2584
0.00570955
-1366.743
-291.2174
0.003361943
-1329.574
-296.2602
0.004746641
-1369.446
-289.3181
0.003621953
-1330.47
-286.9922
0.01489551
-1367.131
-288.9023
0.01289315
-1330.31
-277.6601
0.02505065
-1364.798
-288.5507
0.02215808
-1330.168
-268.2648
0.03521106
-1362.448
-288.2632
0.03141584
-1330.043
-259.3142
0.04337161
-1359.923
-287.71
0.03882213
-1329.701
-254.0618
0.03679505
-1356.223
-284.7793
0.0326771
-1327.662
-248.7794
0.03021034
-1352.489
-281.8784
0.02654022
-1325.657
-243.4671
0.02361749
-1348.719
-279.0076
0.02041149
-1323.687
-237.8699
0.01716067
-1344.057
-277.3969
0.0146873
-1321.475
-232.0773
0.0106907
-1338.894
-276.2777
0.009140408
-1319.417
-226.1552
0.004157379
-1333.466
-275.2881
0.003656869
-1317.625
-224.9837
0.01839526
-1325.29
-275.4233
0.01647504
-1315.894
-223.8836
0.03299372
-1316.951
-275.5816
0.02956102
-1314.282
-222.7774
0.04761841
-1308.49
-275.7461
0.04262077
-1312.793
-221.665
0.06226932
-1299.906
-275.9167
0.05565431
-1311.426
-225.8622
0.05700377
-1293.748
-276.0097
0.04566325
-1308.561
-230.0043
0.05139862
-1287.808
-276.1746
0.03587018
-1305.483
-234.0745
0.04551875
-1282.077
-276.412
0.02635032
-1302.195
-239.5806
0.1482845
-1278.69
-277.9193
0.01587132
-1298.638
-245.3549
0.2628475
-1275.86
-279.7338
0.01649765
-1294.963
-250.8541
0.3500868
-1273.026
-281.7852
0.0272966
-1291.252
-253.9825
0.2745881
-1269.202
-285.8077
0.02141026
-1288.093
-257.1127
0.196706
-1265.375
-289.8283
0.01790724
-1284.938
-260.2447
0.1164406
-1261.545
-293.8472
0.01678758
-1281.785
-263.3785
0.03379185
-1257.712
-297.8642
0.01805124
-1278.635
-263.9711
0.02564695
-1256.643
-300.1462
0.01842349
-1270.252
-264.3602
0.02469251
-1255.714
-302.2269
0.01857288
-1261.497
-264.5553
0.02395194
-1253.32
-302.8987
0.01818146
-1254.093
-264.4744
0.02344687
-1249.227
-301.8828
0.01715404
-1248.251
-264.3916
0.02292714
-1245.096
-300.8689
0.01614143
-1242.449
-264.3068
0.02239264
-1240.925
-299.8569
0.01514343
-1236.686
-264.1982
0.02162761
-1237.459
-297.8815
0.01431659
-1230.424
-264.0285
0.02066016
-1234.523
-295.0636
0.01363785
-1223.822
-263.1171
0.02225163
-1231.53
-291.95
0.01563598
-1217.828
-260.7134
0.02931765
-1228.747
-288.1104
0.02335183
-1212.806
-258.3058
0.03638553
-1225.957
-284.2748
0.03106581
-1207.791
-255.181
0.03285985
-1222.663
-281.1525
0.02864482
-1203.283
-251.2923
0.01815243
-1218.824
-278.79
0.0156348
-1199.322
-247.3851
0.003372326
-1214.96
-276.4459
0.002697474
-1195.388
-242.4729
0.009756163
-1208.869
-275.4031
0.006498099
-1193.451
-237.3313
0.01846462
-1202.184
-274.6194
0.01179365
-1192.087
-232.0545
0.02736992
-1195.109
-273.9711
0.01689234
-1191.113
-232.3755
0.02143428
-1187.912
-274.3392
0.01317692
-1188.615
-233.3582
0.01375442
-1180.725
-274.8172
0.008445553
-1185.914
-234.3408
0.006074722
-1173.539
-275.2953
0.00371402
-1183.213
-235.9555
0.004187003
-1166.831
-275.9252
0.001922237
-1180.245
-238.755
0.01321796
-1161.069
-276.858
0.005782778
-1176.735
-241.5326
0.02214031
-1155.359
-277.8127
0.009751918
-1173.173
-244.4066
0.0260178
-1150.498
-280.1621
0.01181384
-1169.676
-247.3852
0.0253842
-1146.365
-283.7555
0.0120984
-1166.278
-250.3675
0.02472404
-1142.226
-287.3452
0.01240952
-1162.887
-253.3536
0.02403732
-1138.08
-290.9312
0.0127472
-1159.502
-256.3434
0.02332405
-1133.927
-294.5134
0.01311144
-1156.124
-255.9153
0.02223646
-1130.294
-294.7849
0.01384967
-1149.785
-255.4719
0.02116563
-1126.636
-295.0159
0.01457114
-1143.45
-255.0417
0.02011472
-1122.95
-295.2338
0.01527272
-1137.145
-254.5624
0.02055881
-1119.345
-295.5024
0.01511007
-1130.757
-254.0742
0.0211895
-1115.76
-295.7801
0.01483903
-1124.348
-253.5841
0.02182293
-1112.185
-296.0598
0.01456525
-1117.931
-252.0378
0.02195344
-1107.713
-296.3022
0.01469757
-1112.535
-249.7673
0.02168858
-1102.614
-296.5174
0.01515872
-1107.853
-247.4977
0.02136293
-1097.507
-296.7316
0.01568067
-1103.178
-245.2289
0.02097648
-1092.393
-296.9449
0.01626342
-1098.511
-242.961
0.02052923
-1087.271
-297.1574
0.01690695
-1093.851
-240.6941
0.02002119
-1082.141
-297.369
0.01761129
-1089.2
-240.6339
0.01804377
-1076.554
-297.2556
0.015269
-1084.801
-240.6641
0.01600801
-1070.947
-297.1288
0.01280043
-1080.413
-240.6945
0.01397269
-1065.339
-297.0018
0.01033141
-1076.026
-240.7252
0.01193802
-1059.73
-296.8746
0.007862183
-1071.641
-240.802
0.01008043
-1054.181
-296.7629
0.005588369
-1067.2
-241.8051
0.01177683
-1049.854
-296.9674
0.007257634
-1061.604
-242.8114
0.01347134
-1045.508
-297.1687
0.00892879
-1056.028
-243.821
0.01516396
-1041.144
-297.3666
0.01060184
-1050.47
-244.8339
0.01685469
-1036.762
-297.5613
0.01227678
-1044.931
-245.85
0.01854353
-1032.361
-297.7527
0.01395361
-1039.41
-247.0632
0.01971663
-1027.904
-297.9323
0.0150635
-1033.98
-249.5016
0.0176276
-1023.205
-298.0555
0.01259745
-1029.018
-251.9399
0.01551052
-1018.507
-298.179
0.01015946
-1024.055
-254.3782
0.01336539
-1013.809
-298.3024
0.00774951
-1019.091
-255.8846
0.01268098
-1009.189
-298.4074
0.006902718
-1013.926
-255.8058
0.01452037
-1004.703
-298.4809
0.008676101
-1008.419
-255.7269
0.01636005
-1000.217
-298.5545
0.01044955
-1002.909
-255.6478
0.01819983
-995.7343
-298.6283
0.01222289
-997.3974
-255.5576
0.01995988
-991.2362
-298.7025
0.01393069
-991.9008
-254.9701
0.0180961
-985.9699
-298.7902
0.01267908
-987.1844
-254.3831
0.01622097
-980.6949
-298.8775
0.01143883
-982.4767
-253.7965
0.01433448
-975.4114
-298.9644
0.01020992
-977.7777
-253.2103
0.01243665
-970.1192
-299.0508
0.008992371
-973.0872
-252.6245
0.01052746
-964.8184
-299.1369
0.007786171
-968.4054
-252.7231
0.01230062
-959.7435
-299.2222
0.008760182
-963.4957
-253.0814
0.01546788
-954.7566
-299.3073
0.01056641
-958.4973
-253.4398
0.018627
-949.7697
-299.3924
0.01238077
-953.4989
-253.7982
0.02177798
-944.7829
-299.4776
0.01420328
-948.5004
-254.2377
0.02461744
-939.8304
-299.5645
0.01586211
-943.4773
-255.7668
0.02339289
-935.3181
-299.6757
0.01521686
-938.13
-257.2972
0.02217823
-930.782
-299.7856
0.01456172
-932.8064
-258.8287
0.02097346
-926.222
-299.8944
0.01389669
-927.5067
-260.0898
0.02000217
-921.5311
-299.9976
0.01340429
-922.313
-260.1619
0.02001375
-916.3612
-300.0807
0.0137071
-917.489
-260.234
0.02002516
-911.191
-300.1638
0.01401008
-912.6653
-260.3061
0.0200364
-906.0207
-300.2469
0.01431324
-907.8417
-260.3961
0.02021023
-900.8722
-300.3464
0.01473807
-902.9973
-260.6024
0.0214444
-895.8673
-300.5519
0.01595451
-898.0156
-260.8087
0.02267856
-890.8624
-300.7574
0.01717096
-893.034
-261.015
0.02391272
-885.8574
-300.9629
0.0183874
-888.0523
-261.2213
0.02514689
-880.8525
-301.1684
0.01960384
-883.0706
-261.4276
0.02638094
-875.848
-301.374
0.02082017
-878.0895
-261.6339
0.0276151
-870.8431
-301.5795
0.02203661
-873.1078
-261.8401
0.02884927
-865.8381
-301.785
0.02325305
-868.1261
-262.0511
0.0301518
-860.8315
-302.0002
0.02453139
-863.147
-262.3667
0.03300218
-855.7861
-302.4355
0.02721074
-858.2256
-262.6823
0.03585305
-850.7404
-302.8708
0.0298896
-853.3044
-262.998
0.03870441
-845.6943
-303.306
0.03256797
-848.3837
-263.3137
0.04155625
-840.6478
-303.7412
0.03524586
-843.4634
-263.6294
0.04440858
-835.6009
-304.1764
0.03792326
-838.5434
-263.9452
0.0472614
-830.5536
-304.6116
0.04060017
-833.6238
-264.261
0.05011471
-825.506
-305.0467
0.0432766
-828.7047
-265.3098
0.04022778
-819.3859
-305.9768
0.03571427
-825.0276
