0.8
0.796803
0.796362
0.797447
0.8
0.8
0.798865
0.798789
0.799328
0.8
0.797621
0.79579
0.794049
0.793007
0.793037
0.796544
0.8
0.794087
0.79915
0.8
0.784878
0.782628
0.785235
0.789548
0.794233
0.795527
0.796855
0.798236
0.799769
0.8
0.799312
0.799276
0.8
0.8
0.798088
0.797494
0.797504
0.798226
0.8
0.798142
0.797822
0.798168
0.79888
0.8
0.79819
0.797297
0.8
0.8
0.788804
0.782966
0.779814
0.77924
0.783712
0.8
0.789792
0.786465
0.787948
0.790191
0.791732
0.793822
0.796657
0.8
0.796464
0.794664
0.793611
0.793002
0.79297
0.755158
0.711846
0.667512
0.62273
0.576209
0.528356
0.480055
0.429399
0.376862
0.327952
0.279928
0.253762
0.242374
0.231036
0.220471
0.210066
0.2
0.200575
0.200368
0.200187
0.200494
0.2
0.20064
0.202606
0.2033
0.2
0.2
0.205861
0.207985
0.207305
0.2
0.2
0.206858
0.208059
0.20666
0.203148
0.2
0.201913
0.201634
0.201074
0.2
0.201488
0.204809
0.207117
0.20615
0.2
0.201694
0.206728
0.208124
0.209474
0.206938
0.2
0.211069
0.213662
0.21267
0.210132
0.206415
0.2
0.2
0.201593
0.201849
0.201814
0.201347
0.2
0.2
0.201111
0.201586
0.201995
0.202357
0.202714
0.203055
0.202628
0.2
0.202089
0.203549
0.204198
0.204381
0.204421
0.204338
0.204156
0.20329
0.2
0.200963
0.202062
0.202292
0.20204
0.201451
0.201361
0.20188
0.200196
0.2
0.207264
0.208865
0.208231
0.206653
0.204639
0.202493
0.2
0.2
0.202378
0.203452
0.204058
0.204495
0.204794
0.204916
0.204565
0.202728
0.2
0.202092
0.2
0.201126
0.201991
0.202369
0.202577
0.202673
0.20254
0.201698
0.2
0.201172
0.2
0.2
0.20199
0.203516
0.204825
0.205993
0.207035
0.207755
0.207489
0.204181
0.2
0.207558
0.208995
0.208401
0.207543
0.206027
0.204513
0.204147
0.203146
0.2
0.206587
0.211865
0.216446
0.220711
0.224171
0.22689
0.228815
0.229884
0.230043
0.231326
0.233766
0.23509
0.235261
0.235513
0.235123
0.234423
0.235002
0.234602
0.233397
0.23162
0.229457
0.226592
0.223085
0.219873
0.215806
0.209398
0.2
0.201454
0.2
0.200671
0.202774
0.202642
0.202012
0.202657
0.202201
0.2
0.202068
0.202487
0.2
0.201372
0.202447
0.2
0.21699
0.236571
0.276967
0.338545
0.391162
0.43718
0.471012
0.49759
0.519155
0.538959
0.560142
0.578717
0.595174
0.609969
0.62822
0.649312
0.670634
0.692778
0.7134
0.733051
0.751194
0.76078
0.772299
0.786278
0.788007
0.791172
0.8
0.8
0.798469
0.8
0.786836
0.782387
0.786727
0.8
0.789481
0.745561
0.711456
0.683611
0.657762
0.634119
0.613769
0.596084
0.580585
0.566905
0.562066
0.560793
0.559576
0.558413
0.557297
0.55623
0.555208
0.563111
0.574951
0.589518
0.607829
0.631504
0.66333
0.708698
0.753561
0.8
0.788556
0.784131
0.7817
0.779283
0.776059
0.772044
0.769228
0.766524
0.763899
0.761338
0.758828
0.756365
0.753938
0.751538
0.742092
0.724544
0.700564
0.669217
0.62928
0.578308
0.511083
0.428856
0.357646
0.296869
0.249066
0.225762
0.224368
0.219905
0.211938
0.2
0.206908
0.211767
0.212758
0.211098
0.210612
0.207648
0.2
0.20894
0.220718
0.230564
0.239658
0.248333
0.255359
0.262144
0.268091
0.271753
0.27613
0.291831
0.307297
0.335192
0.361499
0.386096
0.407108
0.419303
0.429527
0.43803
0.439348
0.437651
0.432123
0.421742
0.411103
0.400479
0.376965
0.343233
0.309126
0.27478
0.239691
0.200051
0.2
0.202714
0.200354
0.2
0.203439
0.203226
0.2
0.208028
0.218282
0.226846
0.233422
0.23454
0.23124
0.22074
0.2
0.2
0.209986
0.211361
0.214059
0.241297
0.267576
0.298683
0.335766
0.372584
0.414287
0.465834
0.516386
0.568382
0.626754
0.686663
0.738957
0.778997
0.798133
0.794784
0.795615
0.8
0.796449
0.790897
0.791293
0.794755
0.8
0.799303
0.797368
0.795606
0.793941
0.792706
0.793225
0.8
0.772817
0.744655
0.718098
0.693056
0.656201
0.617264
0.57939
0.542209
0.505611
0.469524
0.434934
0.407494
0.379738
0.351707
0.323397
0.294746
0.265521
0.234901
0.2
0.209622
0.217151
0.22297
0.227848
0.224152
0.21835
0.21247
0.208676
0.211816
0.210389
0.2
0.210532
0.222851
0.230724
0.237347
0.244109
0.25021
0.255943
0.261378
0.266461
0.271144
0.275376
0.279463
0.283405
0.286711
0.28934
0.291269
0.292728
0.293424
0.29334
0.292458
0.298701
0.305578
0.311653
0.316944
0.321954
0.327233
0.331801
0.335662
0.339185
0.351159
0.362505
0.373263
0.383459
0.393112
0.401611
0.40917
0.416278
0.422606
0.428295
0.433683
0.438807
0.445672
0.454233
0.462667
0.471016
0.479322
0.48763
0.495983
0.506304
0.516907
0.527682
0.538673
0.549926
0.561484
0.572594
0.583589
0.595024
0.606942
0.619389
0.632411
0.641719
0.648736
0.656455
0.664914
0.674159
0.684243
0.694696
0.705975
0.718134
0.731186
0.745156
0.752948
0.754202
0.756328
0.759245
0.762953
0.767423
0.772647
0.778582
0.78505
0.792021
0.799456
0.8
0.799319
0.8
0.795064
0.780721
0.767682
0.755637
0.746845
0.739537
0.735193
0.740278
0.757492
0.780112
0.8
0.793898
0.792004
0.797139
0.8
0.786588
0.774645
0.768447
0.770667
0.776669
0.786233
0.8
0.791554
0.790907
0.792134
0.793294
0.791277
0.789533
0.787978
0.786564
0.785262
0.786985
0.791141
0.795418
0.8
0.8
0.798535
0.797973
0.798338
0.8
0.798006
0.797608
0.798233
0.8
0.799661
0.798778
0.798423
0.798658
0.8
0.799628
0.799162
0.799187
0.799464
0.8
0.798062
0.792508
0.786915
0.781197
0.775472
0.774922
0.783272
0.8
0.786299
0.77677
0.769139
0.762319
0.756024
0.750202
0.744917
0.740156
0.735851
0.732034
0.741745
0.751363
0.760893
0.769663
0.774387
0.77911
0.783781
0.788339
0.790644
0.792631
0.794735
0.797078
0.8
0.798322
0.794572
0.793813
0.8
0.791945
0.788329
0.78867
0.792818
0.8
0.793494
0.792982
0.798986
0.8
0.795389
0.797428
0.8
0.792846
0.792215
0.793825
0.796403
0.8
0.798728
0.797109
0.796155
0.796427
0.8
0.8
0.796981
0.796144
0.796282
0.797282
0.8
0.799453
0.798015
0.797378
0.797627
0.8
0.79837
0.797405
0.797239
0.797762
0.8
0.796101
0.792442
0.789542
0.787151
0.784424
0.78138
0.770885
0.758575
0.745827
0.734244
0.72609
0.721122
0.716664
0.711126
0.703246
0.686772
0.672128
0.658815
0.646644
0.635537
0.625447
0.616337
0.608169
0.600898
0.59446
0.588722
0.584518
0.581296
0.57894
0.577621
0.57698
0.581458
0.595973
0.610821
0.6261
0.644996
0.665194
0.687016
0.701245
0.71526
0.728784
0.741756
0.754944
0.766919
0.77757
0.788448
0.8
0.798572
0.796958
0.795931
0.79504
0.794776
0.8
0.799575
0.79797
0.798043
0.797042
0.79738
0.8
0.798557
0.797309
0.797158
0.798106
0.8
0.797358
0.797229
0.798061
0.799452
0.8
0.790309
0.781367
0.772834
0.75614
0.739253
0.722776
0.706187
0.687983
0.670152
0.652825
0.638951
0.625432
0.612363
0.598698
0.583408
0.568788
0.554793
0.545398
0.537299
0.529732
0.521502
0.513475
0.505812
0.500433
0.495878
0.491666
0.487801
0.484281
0.48108
0.478181
0.475861
0.474468
0.473356
0.473542
0.474996
0.47674
0.478769
0.481092
0.483719
0.48664
0.4899
0.493514
0.500652
0.50899
0.517713
0.527087
0.537112
0.547649
0.558807
0.570742
0.583175
0.598489
0.615878
0.633691
0.652244
0.6713
0.690954
0.707281
0.723613
0.740194
0.756982
0.774266
0.791502
0.792296
0.793676
0.795158
0.797091
0.8
0.798127
0.797687
0.798052
0.8
0.8
0.799316
0.799426
0.799972
0.8
0.8
0.79554
0.782416
0.770337
0.75308
0.734078
0.714032
0.678537
0.641927
0.60242
0.563512
0.525029
0.486228
0.446818
0.406561
0.366555
0.330047
0.292757
0.26008
0.248258
0.235809
0.225056
0.214184
0.2
0.201692
0.202422
0.201741
0.201569
0.2
0.2
0.201089
0.201084
0.200865
0.2
0.2
0.200066
0.2
0.200141
0.200143
0.200352
0.200832
0.2
0.201856
0.2
0.201201
0.204369
0.206339
0.207085
0.20638
0.205501
0.2
0.202647
0.203758
0.203113
0.20393
0.2
0.2
0.203338
0.203482
0.202505
0.2
0.201145
0.2
0.2
0.209484
0.215021
0.219332
0.225286
0.230862
0.236208
0.240225
0.24342
0.246287
0.251495
0.258205
0.264589
0.280184
0.297525
0.314161
0.328123
0.341255
0.354077
0.373128
0.395207
0.417176
0.438937
0.462526
0.487072
0.511458
0.535709
0.561135
0.589841
0.618488
0.647144
0.675962
0.698436
0.714633
0.730589
0.746246
0.761686
0.770277
0.771578
0.773336
0.776123
0.779115
0.783305
0.789634
0.7988
0.8
0.780892
0.76449
0.750712
0.720775
0.682307
0.638051
0.571133
0.491213
0.432063
0.381444
0.33862
0.303987
0.267515
0.229502
0.212961
0.2
0.213043
0.257251
0.299849
0.341461
0.384985
0.4293
0.471866
0.512806
0.552227
0.591363
0.630204
0.659888
0.687985
0.714449
0.686643
0.65692
0.620733
0.580487
0.509865
0.418791
0.323183
0.234407
0.221065
0.20653
0.20437
0.2
0.227232
0.262678
0.295249
0.328007
0.366022
0.402536
0.433515
0.4635
0.509379
0.55195
0.554068
0.532219
0.488038
0.417067
0.347418
0.277695
0.2337
0.209595
0.2
0.210153
0.212346
0.212028
0.210274
0.206151
0.2
0.202863
0.203045
0.2
0.2
0.203336
0.202944
0.2
0.201518
0.201991
0.201876
0.201007
0.2
0.204381
0.207531
0.210123
0.212386
0.218883
0.227767
0.236504
0.245027
0.253065
0.245192
0.227747
0.211804
0.2
0.203669
0.203559
0.2
0.205087
0.206598
0.206398
0.206099
0.205252
0.203563
0.2
0.202567
0.215047
0.226793
0.238298
0.249658
0.260838
0.271764
0.282291
0.29292
0.303042
0.312464
0.32117
0.329141
0.337102
0.34422
0.350414
0.355648
0.35991
0.363185
0.365571
0.367233
0.367902
0.367629
0.366433
0.364334
0.361354
0.357595
0.353135
0.347858
0.341782
0.334913
0.327208
0.321002
0.315521
0.325591
0.33497
0.344238
0.353191
0.361869
0.369824
0.377061
0.383447
0.389132
0.394149
0.398504
0.40219
0.405302
0.407837
0.409678
0.410798
0.411183
0.410817
0.409915
0.408292
0.405867
0.402625
0.398555
0.393643
0.388131
0.382351
0.375711
0.368206
0.360173
0.352433
0.343919
0.334664
0.324703
0.314377
0.304105
0.293199
0.281697
0.269635
0.25861
0.248546
0.238105
0.227322
0.216173
0.211121
0.206994
0.2
0.2
0.204451
0.204374
0.2
0.206086
0.223782
0.240108
0.255795
0.28279
0.310466
0.339356
0.381265
0.434125
0.493942
0.553341
0.607481
0.65541
0.700646
0.729289
0.755826
0.782764
0.8
0.79659
0.794491
0.793064
0.774103
0.744611
0.715178
0.685985
0.646748
0.600117
0.552767
0.504949
0.45832
0.412391
0.36653
0.320211
0.28606
0.26113
0.236062
0.220034
0.214248
0.20779
0.2
0.2
0.20714
0.209719
0.205433
0.2
0.204085
0.2
0.203134
0.204053
0.2
0.202825
0.200624
0.20169
0.204087
0.204068
0.2
0.206432
0.207824
0.206068
0.2
0.2017
0.205578
0.205045
0.2
0.20736
0.207271
0.2
0.208913
0.212119
0.209984
0.2
0.20707
0.2081
0.206432
0.203389
0.2
0.208183
0.214884
0.220965
0.226742
0.23558
0.253025
0.270169
0.286967
0.304041
0.321465
0.338571
0.355213
0.37124
0.386946
0.402349
0.417271
0.431895
0.446263
0.459977
0.473219
0.486311
0.499289
0.510911
0.52084
0.530797
0.540831
0.550987
0.561657
0.57258
0.583719
0.595278
0.607459
0.618952
0.628827
0.63901
0.649425
0.660525
0.673211
0.686293
0.699906
0.712289
0.725088
0.738151
0.749734
0.76105
0.772735
0.785233
0.8
0.797026
0.795815
0.796065
0.798449
0.792699
0.792029
0.8
0.8
0.791828
0.790937
0.79501
0.794929
0.783189
0.785409
0.8
0.785987
0.780604
0.783163
0.78765
0.781487
0.786478
0.797673
0.793091
0.791067
0.8
0.78536
0.779098
0.778768
0.78184
0.767791
0.754338
0.740815
0.694061
0.631082
0.554588
0.47381
0.397732
0.324554
0.24976
0.226944
0.208113
0.2
0.202165
0.201951
0.2
0.202882
0.212766
0.243529
0.319496
0.39631
0.474606
0.548826
0.619775
0.680182
0.732371
0.774938
0.764634
0.749629
0.735512
0.715674
0.682843
0.649252
0.590508
0.512913
0.438963
0.367798
0.297358
0.307172
0.315903
0.324096
0.332599
0.34124
0.350021
0.374711
0.407472
0.437129
0.464083
0.488692
0.511279
0.517178
0.522575
0.528082
0.533702
0.538979
0.534087
0.529202
0.524259
0.519236
0.514131
0.507138
0.487829
0.466713
0.443531
0.430844
0.439385
0.448101
0.456991
0.466189
0.481395
0.49634
0.511045
0.525524
0.539785
0.547374
0.552746
0.558442
0.564484
0.57011
0.565377
0.560692
0.556105
0.554787
0.56749
0.580721
0.594482
0.608353
0.620097
0.632395
0.645247
0.658645
0.672571
0.687013
0.701948
0.717141
0.727979
0.739138
0.750575
0.762254
0.77418
0.786489
0.799741
0.798408
