0.437296
0.461503
0.483555
0.503544
0.521557
0.537676
0.550483
0.561234
0.57028
0.577697
0.583571
0.587989
0.591045
0.592777
0.593306
0.592807
0.591382
0.589137
0.58618
0.582614
0.578554
0.574105
0.569098
0.563886
0.558617
0.553397
0.548332
0.543524
0.539074
0.534972
0.531301
0.528234
0.525686
0.521895
0.518894
0.516756
0.516481
0.517721
0.519919
0.523078
0.527191
0.532439
0.538861
0.546138
0.554224
0.563185
0.573027
0.583423
0.594288
0.605375
0.616516
0.62783
0.639192
0.650471
0.661522
0.672
0.681925
0.691148
0.699499
0.706175
0.711293
0.714889
0.71676
0.7167
0.714594
0.710255
0.704174
0.695795
0.684389
0.669709
0.651377
0.628995
0.602132
0.567336
0.525676
0.476753
0.420264
0.365847
0.35764
0.349677
0.33687
0.317172
0.310721
0.304498
0.296646
0.285683
0.270306
0.297757
0.322565
0.343306
0.360766
0.385396
0.406287
0.441672
0.473428
0.500118
0.525159
0.545352
0.560466
0.572696
0.581111
0.586255
0.591114
0.593887
0.595029
0.594848
0.594048
0.593273
0.591141
0.589791
0.588403
0.582004
0.578203
0.5774
0.576379
0.578962
0.583442
0.587893
0.597088
0.592905
0.591726
0.590339
0.585721
0.586735
0.593729
0.602691
0.597992
0.57063
0.549167
0.534041
0.524639
0.522068
0.526227
0.527016
0.517989
0.515306
0.517948
0.526616
0.541024
0.540267
0.538132
0.541454
0.547406
0.548513
0.554343
0.564553
0.549258
0.534183
0.5229
0.513894
0.50855
0.500995
0.491813
0.485566
0.480697
0.478128
0.477794
0.47943
0.482774
0.487933
0.495482
0.503834
0.513013
0.522903
0.532699
0.542061
0.55071
0.558628
0.565882
0.571465
0.576367
0.579202
0.579288
0.576304
0.57016
0.563409
0.556376
0.554484
0.548425
0.538777
0.524216
0.504655
0.483549
0.458365
0.428775
0.405715
0.377015
0.341357
0.299768
0.295151
0.291882
0.286897
0.299211
0.311464
0.320083
0.342046
0.362329
0.38283
0.401929
0.416896
0.427734
0.441893
0.457869
0.471643
0.491564
0.50789
0.522012
0.547279
0.5697
0.589171
0.605689
0.619564
0.631202
0.640811
0.648786
0.655104
0.659957
0.663535
0.666035
0.667697
0.668667
0.669072
0.669008
0.668556
0.667805
0.666845
0.665737
0.664495
0.66313
0.661623
0.659876
0.657914
0.655671
0.653125
0.650208
0.646782
0.642737
0.638015
0.632434
0.625838
0.617966
0.608375
0.597109
0.583999
0.569551
0.554791
0.537781
0.518305
0.509567
0.498441
0.484325
0.469855
0.453981
0.435761
0.424891
0.411177
0.403485
0.392219
0.384763
0.391029
0.393528
0.395842
0.396963
0.394534
0.400538
0.409703
0.415235
0.43217
0.451345
0.466491
0.477386
0.501029
0.52473
0.544127
0.558916
0.584081
0.613808
0.639337
0.660302
0.678946
0.697691
0.711558
0.720564
0.725146
0.725431
0.721251
0.711014
0.697166
0.680122
0.65944
0.634661
0.606829
0.577124
0.566167
0.558119
0.547468
0.534496
0.520549
0.516329
0.509524
0.500289
0.488784
0.475192
0.464904
0.459299
0.451307
0.440982
0.42838
0.41844
0.413241
0.405725
0.39592
0.383859
0.369571
0.372432
0.374311
0.37459
0.37322
0.370185
0.382745
0.398761
0.414409
0.429635
0.446829
0.468586
0.490126
0.511186
0.531524
0.548617
0.559482
0.568515
0.575867
0.58168
0.586089
0.58942
0.591971
0.593472
0.594052
0.593832
0.592929
0.591451
0.589941
0.588362
0.586484
0.584381
0.582121
0.579758
0.577343
0.574911
0.572491
0.570102
0.56775
0.565246
0.562679
0.560119
0.557548
0.55493
0.55221
0.549338
0.546256
0.542904
0.539215
0.535119
0.530708
0.525796
0.520293
0.514133
0.507256
0.499607
0.491134
0.481958
0.472327
0.461787
0.450335
0.437977
0.425232
0.412634
0.399239
0.385126
0.370394
0.355312
0.340052
0.324642
0.309245
0.294035
0.279095
0.264626
0.250955
0.23835
0.227093
0.217476
0.209197
0.203185
0.2
0.2
0.203792
0.21392
0.228701
0.248525
0.273953
0.309735
0.352208
0.398832
0.452601
0.515334
0.577305
0.631201
0.674896
0.708843
0.69896
0.663039
0.618471
0.564825
0.503373
0.437577
0.378997
0.332807
0.295452
0.265847
0.243286
0.226717
0.214873
0.207058
0.202625
0.200443
0.2
0.201169
0.203846
0.207908
0.213241
0.219733
0.216795
0.211008
0.206053
0.201821
0.200003
0.2
0.200455
0.201516
0.20333
0.206058
0.210081
0.216222
0.224851
0.23811
0.254496
0.272015
0.290867
0.311305
0.33364
0.358273
0.389084
0.423243
0.461094
0.503189
0.550201
0.602675
0.656788
0.710516
0.755019
0.780297
0.8
0.795105
0.792222
0.791469
0.792904
0.796528
0.8
0.775673
0.745471
0.708701
0.654654
0.596958
0.541204
0.486154
0.440762
0.421311
0.400552
0.37553
0.341079
0.301203
0.267247
0.229431
0.2
0.207334
0.21279
0.216778
0.219242
0.2305
0.235252
0.234977
0.22794
0.221887
0.238402
0.264346
0.319365
0.372519
0.413959
0.447132
0.472895
0.500877
0.533958
0.564223
0.589563
0.61035
0.625919
0.636655
0.645838
0.652324
0.655817
0.656511
0.654719
0.650525
0.644197
0.636272
0.628428
0.624125
0.619001
0.613803
0.608288
0.602589
0.596744
0.591064
0.58612
0.58165
0.58335
0.587058
0.592005
0.59742
0.603263
0.609518
0.616031
0.622925
0.629952
0.638293
0.64815
0.657338
0.665706
0.673039
0.678802
0.682609
0.684367
0.683875
0.675552
0.665098
0.646349
0.619229
0.589072
0.560736
0.531754
0.508614
0.504423
0.496098
0.483462
0.463204
0.441319
0.418633
0.39731
0.379245
0.371989
0.376443
0.377775
0.375979
0.377211
0.379597
0.379477
0.39114
0.406844
0.419885
0.42998
0.436962
0.460413
0.485655
0.508289
0.527838
0.54367
0.562606
0.594542
0.624578
0.653197
0.679523
0.702669
0.722731
0.741044
0.75718
0.771101
0.782819
0.791448
0.796258
0.799036
0.8
0.799385
0.797165
0.794337
0.790986
0.786662
0.781327
0.774937
0.767266
0.758124
0.747608
0.735666
0.722245
0.707556
0.69134
0.673433
0.652071
0.628594
0.602744
0.573912
0.543514
0.479255
0.4128
0.352662
0.300919
0.268935
0.237432
0.219435
0.21718
0.212967
0.212252
0.232342
0.253428
0.275483
0.298432
0.324457
0.353623
0.382344
0.410333
