0.455076
0.454865
0.471415
0.500191
0.532132
0.561126
0.592356
0.626258
0.641531
0.641493
0.641092
0.64009
0.637524
0.634318
0.630358
0.625523
0.619675
0.611161
0.60109
0.589531
0.576296
0.561187
0.543868
0.522258
0.498281
0.471434
0.441379
0.425479
0.410672
0.406877
0.417041
0.4235
0.426668
0.426916
0.426264
0.430942
0.432603
0.431513
0.427928
0.422087
0.427096
0.439653
0.449982
0.457875
0.463131
0.465421
0.464496
0.460489
0.453342
0.443042
0.429597
0.413073
0.39355
0.398197
0.401161
0.401648
0.399135
0.399736
0.400534
0.413581
0.435295
0.462206
0.485857
0.506507
0.524379
0.539691
0.55288
0.564149
0.573736
0.581881
0.589157
0.596119
0.602165
0.607733
0.612714
0.617437
0.622029
0.626393
0.630677
0.634897
0.639795
0.645053
0.650358
0.655634
0.660644
0.665749
0.670655
0.674856
0.678301
0.680617
0.68187
0.681554
0.679231
0.674947
0.668463
0.659403
0.647082
0.629569
0.608228
0.585158
0.561295
0.533915
0.501427
0.463048
0.420913
0.379742
0.362708
0.343139
0.319069
0.296817
0.277568
0.282382
0.283257
0.284477
0.28154
0.301842
0.325888
0.35068
0.374783
0.408033
0.441354
0.478976
0.510055
0.539449
0.565891
0.586798
0.60822
0.626771
0.640206
0.648656
0.654007
0.656176
0.655492
0.647842
0.635671
0.631024
0.632692
0.63299
0.631943
0.628025
0.613358
0.599303
0.587948
0.577058
0.566825
0.55742
0.548985
0.541639
0.534671
0.528796
0.524262
0.521128
0.519338
0.518977
0.519946
0.521311
0.52347
0.528526
0.535311
0.544388
0.553171
0.56097
0.56868
0.576693
0.58504
0.593419
0.601883
0.61015
0.617964
0.625089
0.631449
0.636956
0.64136
0.644428
0.646002
0.645883
0.643828
0.640334
0.634433
0.632172
0.628766
0.620031
0.607157
0.624542
0.649862
0.677511
0.697058
0.707879
0.709097
0.712963
0.71902
0.757247
0.782278
0.79105
0.782682
0.758793
0.769047
0.789747
0.8
0.79145
0.768209
0.758031
0.77284
0.772763
0.755409
0.724344
0.681144
0.684207
0.682252
0.669652
0.647519
0.617628
0.582022
0.59736
0.616103
0.62998
0.638981
0.643243
0.643027
0.645873
0.655529
0.670269
0.680497
0.661942
0.642051
0.628114
0.617937
0.606207
0.595314
0.582958
0.569269
0.553003
0.535324
0.516836
0.497651
0.477956
0.457689
0.437109
0.416706
0.39654
0.377084
0.358453
0.34053
0.323798
0.308594
0.295249
0.284238
0.274608
0.265687
0.25976
0.256041
0.254147
0.243426
0.232351
0.229004
0.239322
0.263516
0.287901
0.310181
0.315174
0.326185
0.334099
0.351435
0.368417
0.388134
0.403163
0.423836
0.433248
0.421152
0.413592
0.407026
0.40287
0.387156
0.37658
0.346412
0.316739
0.289142
0.26404
0.241593
0.225715
0.216404
0.209639
0.205063
0.202256
0.200742
0.2
0.217917
0.239351
0.260458
0.281175
0.301441
0.321204
0.338595
0.331365
0.323248
0.314097
0.303744
0.292008
0.278687
0.263567
0.269768
0.281734
0.293193
0.304243
0.314998
0.325605
0.332869
0.339697
0.345704
0.351779
0.35677
0.361954
0.367396
0.374564
0.383478
0.394799
0.408897
0.425521
0.445978
0.46705
0.512879
0.57361
0.630286
0.652786
0.673718
0.693296
0.711698
0.729068
0.74553
0.761187
0.776126
0.790419
0.8
0.765784
0.727694
0.685368
0.638423
0.573455
0.515217
0.463867
0.419096
0.380573
0.347939
0.31391
0.285098
0.260991
0.24108
0.224907
0.212059
0.215218
0.225099
0.235986
0.247565
0.259587
0.271846
0.28418
0.296453
0.308557
0.320402
0.332116
0.344414
0.357301
0.370723
0.384623
0.394912
0.402187
0.409279
0.416133
0.422701
0.428943
0.434826
0.440323
0.445415
0.450113
0.457119
0.463728
0.469929
0.475715
0.481085
0.486037
0.490574
0.494702
0.498434
0.501784
0.504761
0.507379
0.509653
0.511599
0.513234
0.514575
0.515641
0.516451
0.517023
0.517378
0.517534
0.51751
0.517324
0.516995
0.51654
0.515976
0.515321
0.51459
0.513796
0.512955
0.51208
0.511181
0.510271
0.509359
0.508454
0.507564
0.506697
0.505858
0.505053
0.504287
0.503562
0.502882
0.502248
0.501663
0.501126
0.500639
0.5002
0.49981
0.499466
0.499168
0.498913
0.498699
0.498525
0.498387
0.498283
0.49821
0.498167
0.498148
0.498153
0.498179
0.498223
0.498282
0.498355
0.498438
0.49853
0.49863
0.498734
0.498842
0.498951
0.499061
0.499171
0.499278
0.499383
0.499485
0.499582
0.499675
0.499762
0.499843
0.499919
0.499988
0.500051
0.500125
0.500204
0.500276
0.500341
0.500399
0.500451
0.50056
0.500679
0.500791
0.500896
0.500994
0.501038
0.500916
0.500786
0.500649
0.500505
0.500354
0.500195
0.500093
0.500001
0.499902
0.499798
0.499687
0.49957
0.499449
0.499326
0.499205
0.499081
0.498955
0.498829
0.498703
0.498579
0.498459
0.498345
0.498246
0.498156
0.498076
0.498009
0.497957
0.497923
0.497909
0.497917
0.497949
0.498008
0.498096
0.498216
0.498372
0.498564
0.498792
0.499059
0.499365
0.499711
0.500093
0.500513
0.500975
0.501479
0.502025
0.502611
0.503235
0.503879
0.504429
0.505015
0.505634
0.506283
0.506955
0.507646
0.508488
0.509465
0.510537
0.51171
0.512989
0.515009
0.517066
0.519066
0.520464
0.521021
0.521428
0.521663
0.521707
0.521535
0.521126
0.520459
0.51951
0.51825
0.51666
0.514721
0.512388
0.509652
0.506504
0.50293
0.498905
0.494426
0.489488
0.484104
0.478277
0.472003
0.465313
0.458262
0.450816
0.442994
0.43482
0.426322
0.417531
0.408481
0.39921
0.389825
0.38035
0.370698
0.360994
0.351281
0.341595
0.336775
0.36609
0.398044
0.433035
0.471538
0.514112
0.561436
0.614319
0.650767
0.644415
0.638866
0.634176
0.630395
0.627562
0.62571
0.62486
0.625022
0.622327
0.61987
0.618406
0.613519
0.58528
0.560712
0.539263
0.520471
0.503952
0.48938
0.476483
0.465024
0.454805
0.445652
0.437419
0.429975
0.423211
0.417304
0.411983
0.407084
0.402542
0.398298
0.400179
0.406365
0.41254
0.418715
0.425136
0.431409
0.437514
0.443357
0.44891
0.454287
0.459473
0.464457
0.469247
0.473803
0.478115
0.482178
0.485987
0.489535
0.492823
0.49585
0.498617
0.501127
0.503385
0.505392
0.507153
0.508678
0.509977
0.511061
0.511941
0.512631
0.513177
0.513575
0.513821
0.513927
0.513874
0.513702
0.513428
0.513069
0.512636
0.512142
0.511598
0.511018
0.510408
0.509723
0.509035
0.508355
0.507692
0.507055
0.506599
0.506186
0.505822
0.505511
0.505195
0.504922
0.504714
0.504572
0.504498
0.504491
0.504552
0.504679
0.504868
0.505117
0.505421
0.505775
0.506173
0.506608
0.507073
0.507559
0.508059
0.508562
0.509059
0.509539
0.509991
0.510403
0.510765
0.511063
0.511266
0.511368
0.511371
0.511264
0.511073
0.510762
0.510303
0.509685
0.508895
0.507921
0.506742
0.505358
0.503766
0.501956
0.499923
0.497659
0.49516
0.492422
0.489443
0.48622
0.482754
0.479046
0.4751
0.470917
0.466506
0.461872
0.457719
0.455243
0.452544
0.449634
0.446522
0.443223
0.439752
0.436126
0.432365
0.428489
0.424523
0.420493
0.416425
0.41235
0.408298
0.404303
0.404442
0.413634
0.423717
0.434838
0.447168
0.460911
0.476314
0.493671
0.51334
0.535757
0.561463
0.591128
0.6256
0.639311
0.636117
0.633842
0.632517
0.632164
0.632791
0.626074
0.589915
0.559056
0.532567
0.509708
0.489888
0.472627
0.457531
0.44428
0.432598
0.422339
0.421569
0.421261
0.421351
0.421781
0.42404
0.427908
0.431892
0.435956
0.440061
0.444174
0.448926
0.45796
0.467006
0.476034
0.485009
0.493905
0.502691
0.51134
0.519825
0.528121
0.536204
0.544053
0.551644
0.558961
0.565983
0.572694
0.579078
0.585122
0.591194
0.597401
0.603211
0.584872
0.557124
0.528137
0.497843
0.466167
0.433037
0.398369
0.377723
0.37175
0.365534
0.359104
0.352487
0.350417
0.355004
0.359403
0.363615
0.367648
0.37151
0.383989
0.401579
0.420647
0.441466
0.464377
0.489795
0.518247
0.52449
0.530184
0.536006
0.542009
0.548245
0.554762
0.561606
0.568816
0.576427
0.584467
0.592954
0.601897
0.610109
0.610588
0.611275
0.612122
0.613061
0.61385
0.613811
0.613587
0.613061
0.612099
0.610559
0.608288
0.605125
0.600898
0.595428
0.588531
0.580018
0.569694
0.557363
0.542826
0.525881
0.506319
0.486355
0.465327
0.441306
0.414249
0.384134
0.350995
0.314902
0.275953
0.248209
0.247304
0.244517
0.23991
0.247376
0.283379
0.318623
0.352606
0.389984
0.435479
0.479363
0.521333
0.561156
0.59873
0.63462
0.66723
0.696737
0.723219
0.746781
0.767139
0.779721
0.7893
0.795861
0.799419
0.8
0.797578
0.791733
0.782067
0.768178
0.749552
0.743824
0.735772
0.722471
0.717268
0.717855
0.711889
0.699729
0.685041
0.665422
0.655883
0.63949
0.631715
0.63052
0.616162
0.59739
0.641854
0.676362
0.694649
0.727009
0.749458
0.76525
0.777894
0.778943
0.775662
0.766373
0.745183
0.733776
0.711654
0.67987
0.670026
0.663712
0.650217
0.630356
0.634264
0.635543
0.632049
0.626915
0.619161
0.60805
0.606704
0.602426
0.595378
0.587894
0.585783
0.581653
0.575698
0.56925
0.561495
0.552209
0.542632
0.536585
0.529385
0.521154
0.512711
0.505191
0.496906
0.487962
0.478464
0.468541
0.458409
0.448142
0.437866
0.428117
0.420228
0.412622
0.405444
0.398864
0.392956
0.387185
0.382456
0.378927
0.376793
0.376215
0.377406
0.379494
0.383057
0.389052
0.39794
0.411928
0.429107
0.449955
0.476919
0.51217
0.550822
0.594968
0.647968
0.715917
0.74135
0.754048
0.766084
0.777822
0.78951
0.8
0.781453
0.764218
0.748218
0.733365
0.709818
0.667587
0.629114
0.594469
0.563706
0.536836
0.513825
0.494597
0.479041
0.467001
0.458287
0.452681
0.449937
0.449796
0.451986
0.428438
0.403238
0.379433
0.356919
0.335588
0.315349
0.29611
0.290215
0.29388
0.29838
0.30353
0.309161
0.321692
0.334906
0.348609
0.362717
0.377158
0.391858
0.406486
0.418389
0.430514
0.442806
0.455201
0.467636
0.480049
0.492375
0.504551
0.516513
0.528198
0.539542
0.547477
0.552745
0.557531
0.561781
0.565441
0.568455
0.570772
0.569724
0.562928
0.554745
0.544998
0.533484
0.519967
0.504171
0.485767
0.464366
0.439502
0.410608
0.38542
0.379829
0.372991
0.364927
0.355668
0.345251
0.359185
0.40206
0.438243
0.469112
0.495699
0.518798
0.539028
0.556882
0.572749
0.586944
0.597568
0.596267
0.594863
0.59339
0.591882
0.590371
0.588885
0.58745
0.586087
0.584818
0.580558
0.574443
0.568451
0.562603
0.556913
0.551398
0.546071
0.540945
0.536031
0.531337
0.526871
0.522639
0.518647
0.514898
0.511393
0.508134
0.50512
0.502349
0.499818
0.497573
0.495577
0.49381
0.492266
0.490935
0.48981
0.48888
0.488135
0.487565
0.487157
0.4869
0.486782
0.486791
0.486913
0.487122
0.487416
0.487788
0.488227
0.488722
0.489259
0.489828
0.490425
0.491034
0.491641
0.492237
0.492812
0.493358
0.493868
0.494334
0.49475
0.495109
0.495407
0.49564
0.495805
0.495901
0.495928
0.495884
0.495773
0.495595
0.495353
0.495048
0.494686
0.49427
0.493807
0.493304
0.492767
0.492206
0.491627
0.491042
0.49046
0.489891
0.489348
0.488841
0.488383
0.487987
0.487665
0.48743
0.487295
0.487275
0.487381
0.487627
0.488026
0.488591
0.489333
0.490265
0.491363
0.49268
0.494227
0.496024
0.498067
0.500355
0.502896
0.505695
0.508754
0.512083
0.515677
0.519535
0.523654
0.528031
0.532653
0.537506
0.542593
0.547904
0.553413
0.559018
0.564775
0.570664
0.576667
0.582762
0.588926
0.595136
0.598077
0.600561
0.603114
0.605703
0.603422
0.596376
0.588726
0.580373
0.571203
0.561084
0.549857
0.537341
0.523321
0.507542
0.4897
0.469429
0.446291
0.41975
0.389141
0.387258
0.394393
0.400626
0.405895
0.410145
0.413329
0.415413
0.416373
0.416195
0.41488
0.412439
0.408897
0.404285
0.39865
0.392043
0.387056
0.460088
0.520068
0.570142
0.612541
0.648887
0.676112
0.665779
0.65545
0.64515
0.635362
0.625623
0.615962
0.606423
0.59705
0.587874
0.578781
0.570007
0.561558
0.553431
0.545717
0.538411
0.531538
0.52511
0.519124
0.513586
0.508499
0.503864
0.499673
0.495918
0.491348
0.486065
0.481223
0.476791
0.477439
0.478493
0.479864
0.479995
0.479495
0.479545
0.479804
0.480241
0.480828
0.481538
0.482348
0.483236
0.484183
0.485172
0.486187
0.487215
0.488244
0.489264
0.490265
0.491241
0.492184
0.493091
0.493956
0.494777
0.49555
0.496264
0.496901
0.497506
0.498077
0.498612
0.499109
0.499568
0.499989
0.500372
0.500717
0.501029
0.501305
0.501545
0.501752
0.501927
0.502071
0.502184
0.502264
0.502319
0.502353
0.502368
0.502365
0.502346
0.502318
0.502278
0.502229
0.502172
0.50211
0.502042
0.501972
0.501893
0.501809
0.501727
0.501645
0.501566
0.501489
0.499576
0.497102
0.49626
0.496419
0.496583
0.496751
0.496924
0.497102
0.497283
0.497469
0.497658
0.49785
0.498047
0.498246
0.498448
0.498652
0.498859
0.499066
0.499276
0.499487
0.499698
0.49991
0.500122
0.500335
0.500547
0.500759
0.500971
0.500985
0.500982
0.500977
0.500971
0.500963
0.500953
0.500942
0.500928
0.500912
0.500894
0.500873
0.500849
0.500823
0.500793
0.50076
0.500723
0.500683
0.500638
0.500589
0.500535
0.500476
0.500411
0.500342
0.500266
0.500184
0.500096
0.500002
0.4999
0.499792
0.499677
0.499555
0.499426
0.49929
0.499146
0.498997
0.49884
0.498678
0.498511
0.498339
0.498163
0.497984
0.497803
0.497622
0.497441
0.497262
0.497087
0.496917
0.496755
0.496603
0.496463
0.496336
0.496227
0.496137
0.49607
0.496028
0.496009
0.496013
0.496052
0.496128
0.496245
0.496406
0.496615
0.496875
0.497189
0.49756
0.497992
0.498488
0.499049
0.49968
0.500383
0.50116
0.502012
0.502943
0.503953
0.505044
0.506216
0.507471
0.508807
0.510226
0.511725
0.513305
0.514964
0.515687
0.514809
0.513991
0.513232
0.512529
0.511879
0.511277
0.51072
0.510201
0.509716
0.509259
0.508823
0.5084
0.507984
0.507567
0.50714
0.506693
0.506219
0.505708
0.50515
0.504535
0.503855
0.503098
0.502255
0.501317
0.500274
0.499117
0.497845
0.497471
0.496978
0.49636
0.495613
0.494733
0.493716
0.492561
0.491266
0.489831
0.488256
0.486543
0.484695
0.482714
0.480605
0.478372
0.476021
0.473558
0.470988
0.468319
0.465555
0.462704
0.45977
0.45676
0.453676
0.450521
0.447298
0.450306
