-45.13213
21.39371
767.9868
-98.97077
21.20007
768.4711
0
-45.0243
20.52028
772.9686
-99.05256
20.37226
773.3423
0
-44.85731
20.16835
777.1938
-97.26929
20.07122
778.754
0
-44.65081
20.12761
781.0492
-94.38454
20.08056
784.4076
0
-44.43888
20.08921
785.0013
-91.5052
20.08757
789.9644
0
-44.07916
20.12685
790.447
-89.26976
20.10675
794.1743
0
-43.71923
20.16531
795.8785
-87.04549
20.12706
798.4017
0
-43.36233
20.20292
801.2634
-84.8182
20.14822
802.6757
0
-43.20172
20.18669
806.4884
-83.81258
20.13484
807.3057
0
-43.18232
20.13175
811.6208
-83.69706
20.09587
812.1707
0
-43.16293
20.07686
816.7526
-83.58153
20.05687
817.0363
0
-43.1398
20.02956
821.8676
-83.47787
20.02328
821.9189
0
-43.09233
20.03142
826.8773
-83.45145
20.02519
826.9077
0
-43.04487
20.03328
831.8871
-83.42503
20.02709
831.8964
0
-42.99741
20.03513
836.8969
-83.39861
20.029
836.8852
0
-42.94994
20.03699
841.9067
-83.37219
20.0309
841.8739
0
-42.90247
20.03885
846.9166
-83.34577
20.0328
846.8626
0
-42.92725
20.03765
851.9766
-83.37468
20.03159
851.8011
0
-42.96346
20.03596
857.0445
-83.41234
20.02988
856.7318
0
-42.99966
20.03428
862.1124
-83.45
20.02818
861.6624
0
-43.03587
20.03259
867.1804
-83.48766
20.02647
866.593
0
-43.07208
20.03091
872.2483
-83.52532
20.02476
871.5236
0
-43.11202
20.02933
877.2906
-83.56818
20.02314
876.4796
0
-43.21537
20.02947
881.8971
-83.69962
20.02309
881.8691
0
-43.31872
20.02961
886.503
-83.83105
20.02303
887.2593
0
-43.47575
20.04241
891.4182
-83.92645
20.02308
892.3398
0
-43.65378
20.06012
896.4542
-84.00777
20.02322
897.2991
0
-42.96045
20.1821
898.8943
-83.84892
20.15331
904.8102
0
-42.20222
20.31649
900.7927
-83.61732
20.29999
912.8575
0
-40.71447
20.36594
903.2009
-83.08978
20.3571
920.1571
0
-38.14124
20.29206
906.5602
-82.15117
20.28288
926.1584
0
-35.61374
20.21815
909.8285
-81.16682
20.20867
932.2507
0
-33.13197
20.14425
913.0057
-80.13673
20.13447
938.4341
0
-30.69593
20.07032
916.092
-79.06093
20.06028
944.7084
0
-28.20792
20.00898
919.1548
-77.84566
19.99871
950.9209
0
-25.27672
20.00912
922.4885
-76.13872
19.99874
956.4451
0
-22.3711
20.00925
925.7864
-74.40616
19.99878
962.0051
0
-19.4911
20.00936
929.0486
-72.64799
19.99883
967.601
0
-16.6367
20.00947
932.2748
-70.86423
19.9989
973.2326
0
-13.8079
20.00956
935.4653
-69.05486
19.99897
978.9002
0
-10.95297
20.00909
938.587
-65.57589
19.99962
983.286
0
-8.053247
20.00822
941.6901
-60.88116
20.00067
986.6869
0
-5.138538
20.00738
944.81
-56.2014
20.00168
990.0709
0
-2.208853
20.00656
947.9468
-51.53665
20.00268
993.4379
0
0.735836
20.00578
951.1005
-46.88689
20.00364
996.788
0
3.678286
20.00552
954.1733
-42.25346
20.00401
1000.241
0
6.604169
20.00608
957.0947
-37.63453
20.00343
1003.881
0
9.540975
20.00664
960.025
-33.0265
20.00286
1007.512
0
12.48869
20.00719
962.9645
-28.42937
20.0023
1011.134
0
15.44732
20.00772
965.9131
-23.84316
20.00175
1014.746
0
18.41686
20.00825
968.8708
-19.26787
20.00122
1018.35
0
21.39731
20.00877
971.8376
-14.70349
20.00069
1021.944
0
24.38869
20.00928
974.8136
-10.15001
20.00017
1025.53
0
26.8194
20.03881
977.0834
-3.110549
19.97288
1026.438
0
29.40244
20.06531
979.4281
3.80118
19.94864
1027.228
0
32.14606
20.08839
981.8573
10.55238
19.92782
1027.933
0
35.05024
20.10805
984.3711
17.14298
19.91041
1028.554
0
37.7578
20.14342
986.6226
24.10132
20.03156
1028.828
0
40.52539
20.18866
988.774
31.06748
20.17917
1028.941
0
42.55579
20.17538
989.8408
38.95949
20.09192
1029.104
0
46.23935
20.21531
990.3823
45.23812
20.11604
1029.205
0
51.17028
20.30193
990.463
50.30288
20.23185
1029.273
0
56.04013
20.48141
990.5327
55.42615
20.34849
1029.339
0
60.86508
20.72924
990.5944
60.59257
20.46574
1029.404
0
65.78983
21.02724
990.6424
65.64687
20.75248
1029.474
0
70.79303
21.36459
990.6796
70.6131
21.17242
1029.548
0
75.74708
21.75102
990.7056
75.62554
21.58316
1029.617
0
80.67018
22.16821
990.7244
80.66701
21.98809
1029.682
0
85.61158
22.53933
990.7379
85.69132
22.42656
1029.742
0
90.57043
22.86639
990.7462
90.69919
22.89713
1029.797
0
95.54806
23.18583
990.7426
95.69263
23.31543
1029.829
0
100.5586
23.4922
990.7182
100.6608
23.64225
1029.822
0
105.5658
23.79762
990.6935
105.6324
23.96653
1029.815
0
110.476
24.07518
990.6614
110.7071
24.2158
1029.797
0
115.3861
24.35275
990.6293
115.7818
24.46507
1029.779
0
120.3148
24.57154
990.5924
120.8425
24.65282
1029.752
0
125.2651
24.72268
990.5499
125.8871
24.7698
1029.716
0
130.2154
24.87382
990.5073
130.9318
24.88678
1029.68
0
135.7003
24.94147
990.4528
135.4438
24.96217
1029.641
0
141.4244
24.97198
990.3929
139.7177
25.01911
1029.6
0
146.4848
24.91553
990.3127
144.6536
24.99223
1029.53
0
151.1467
24.80696
990.2202
149.9871
24.91505
1029.443
0
155.943
24.58622
990.1107
155.1796
24.77669
1029.353
0
160.8789
24.2485
989.9833
160.2255
24.5747
1029.261
0
165.8147
23.91066
989.856
165.2716
24.37283
1029.168
0
170.5054
23.40454
989.7148
170.5354
24.01686
1029.054
0
175.0225
22.77948
989.5641
175.9535
23.55213
1028.924
0
179.5713
22.14668
989.4113
181.3365
23.06656
1028.792
0
184.3031
21.47084
989.2476
186.5166
22.46235
1028.654
0
189.0344
20.7949
989.0839
191.6972
21.85822
1028.515
0
193.5635
20.09793
988.9238
197.0412
21.01722
1028.353
0
198.0056
19.39254
988.7653
202.4558
20.07571
1028.181
0
202.4456
18.68767
988.6072
207.8725
19.13367
1028.008
0
207.3989
17.9807
988.4524
212.7922
18.29584
1027.834
0
212.589
17.27247
988.2993
217.4827
17.50641
1027.66
0
217.7781
16.56407
988.1463
222.1742
16.71715
1027.485
0
223.001
15.94313
988.0074
226.8483
16.02133
1027.323
0
228.4288
15.84079
987.9512
231.4152
15.87786
1027.23
0
233.8546
15.73836
987.8951
235.9841
15.7345
1027.137
0
238.6497
15.6357
987.7502
241.172
15.59687
1026.882
0
242.4835
15.53281
987.4691
247.3036
15.46791
1026.379
0
247.334
15.4508
987.0333
252.4122
15.38411
1025.944
0
252.4693
15.36548
986.5484
257.2337
15.32365
1025.525
0
256.7942
15.18869
986.1401
262.8655
15.31481
1025.036
0
260.0253
15.07445
985.8254
269.5916
15.22705
1024.461
0
261.8132
15.03898
985.6641
277.7613
15.04096
1023.744
0
265.7618
15.02541
984.0163
283.1365
15.01781
1021.866
0
269.8192
15.01939
982.241
288.3311
15.01305
1019.85
0
273.7985
15.01924
980.4643
293.5843
15.013
1017.788
0
275.9525
15.02394
979.4884
300.5855
15.01694
1014.745
0
277.7274
15.02964
978.5691
307.7583
15.02184
1011.327
0
280.7715
15.03485
975.7128
311.8233
15.02801
1007.152
0
283.7019
15.03666
972.8923
315.949
15.03105
1002.891
0
286.0548
15.02214
970.2791
320.3999
15.01916
998.1769
0
288.3951
15.00761
967.6814
324.8635
15.00729
993.4478
0
289.5717
15.08389
965.77
327.6241
15.08048
986.2462
0
290.6862
15.13519
963.6075
330.0792
15.129
979.0703
0
291.8262
15.07643
960.8247
332.4643
15.06996
972.4971
0
293.011
15.03066
957.8502
334.4909
15.02394
966.0253
0
294.3838
15.03583
954.0696
335.0989
15.02902
960.0052
0
295.5088
15.04064
949.9926
335.6713
15.03382
954.2387
0
296.0125
15.04457
945.3071
336.1752
15.0379
948.9762
0
296.5162
15.04851
940.621
336.679
15.04198
943.7145
0
296.7815
15.08257
935.8679
337.0521
15.05166
938.4941
0
296.8868
15.13696
931.0714
337.3377
15.06498
933.2996
0
296.992
15.19151
926.2764
337.6234
15.07814
928.1037
0
297.0264
15.33359
921.8535
337.5954
15.17245
922.5332
0
297.0393
15.50205
917.5391
337.4722
15.29156
916.8536
0
297.051
15.70146
912.8104
337.3875
15.43246
911.5898
0
297.0606
15.95094
907.4207
337.3649
15.60831
906.9899
0
297.0703
16.20035
902.0316
337.3422
15.78423
902.3892
0
297.0895
16.4251
897.1682
337.3403
16.00454
897.2637
0
297.1122
16.64103
892.4927
337.3459
16.24073
891.9506
0
297.761
16.98867
887.7523
337.2981
16.47668
886.7352
0
298.6904
17.39162
882.9739
337.2267
16.71631
881.5724
0
299.6333
17.56657
878.1921
336.5565
17.09612
876.3884
0
300.5859
17.58532
873.391
335.4192
17.56344
871.2041
0
301.1803
17.7795
868.281
334.5179
17.91614
866.3364
0
301.2227
18.21105
862.7429
333.9792
18.12551
861.9086
0
301.2307
18.56578
857.3121
333.5758
18.31883
857.3679
0
301.0772
18.58315
852.2899
333.7994
18.42128
852.3923
0
300.9401
18.61564
847.2706
333.9977
18.53321
847.4142
0
300.9489
18.79121
842.283
333.971
18.72089
842.4096
0
300.9576
18.96679
837.2954
333.9443
18.90856
837.405
0
300.9664
19.14239
832.3077
333.9176
19.09622
832.4005
0
300.9751
19.318
827.3201
333.8909
19.28386
827.3959
0
300.9839
19.49362
822.3325
333.8642
19.47149
822.3915
0
300.9926
19.66926
817.3447
333.8375
19.65911
817.387
0
300.9769
19.75852
812.1618
333.8821
19.75216
812.5732
0
300.9555
19.82777
806.9326
333.9431
19.82332
807.8047
0
300.9355
19.84119
801.8319
334.0013
19.8418
802.908
0
300.9178
19.74317
796.9901
334.0536
19.75514
797.7527
0
300.9001
19.64514
792.1487
334.1059
19.6685
792.597
0
300.9294
19.3124
787.4196
334.1074
19.30291
787.3582
0
300.9813
18.86615
782.7432
334.0843
18.8026
782.0806
0
301.0909
18.21477
777.7581
334.0599
18.25997
777.1404
0
301.2248
17.47038
772.6359
334.0356
17.694
772.3507
0
301.1431
16.77203
767.8409
334.0917
16.80761
767.2733
0
300.7745
16.02436
762.984
334.3465
15.9316
762.2659
0
299.6431
15.14226
757.9505
335.1299
15.08656
757.4571
0
298.5114
14.25787
752.9026
335.9135
14.24381
752.6626
0
297.8184
13.49366
748.6106
336.4073
13.28036
747.1084
0
297.1995
12.75593
744.4854
336.8515
12.29034
741.3868
0
296.9587
11.94075
739.9487
336.9839
11.35019
736.0806
0
296.9503
11.07473
735.139
336.9246
10.44391
731.05
0
296.9419
10.20867
730.3292
336.8654
9.537649
726.0197
0
296.9274
9.361754
725.6166
336.7993
8.615567
720.8915
0
296.9108
8.521116
720.9359
336.7311
7.68829
715.7313
0
296.8941
7.67751
716.2095
336.664
6.777323
710.6145
0
296.8773
6.824632
711.34
336.6007
5.917342
705.6332
0
296.8605
5.971748
706.4705
336.5374
5.057367
700.6521
0
296.8407
5.148431
701.6076
336.4706
4.234453
695.6531
0
296.82
4.335075
696.7468
336.4024
3.424017
690.6482
0
296.7992
3.52172
691.886
336.3344
2.613581
685.6434
0
296.7734
2.755166
686.9345
336.2668
1.895164
680.7082
0
296.7431
2.031239
681.901
336.1996
1.260232
675.8362
0
296.7128
1.30745
676.8677
336.1324
0.625162
670.9639
0
296.6671
0.7649862
671.7704
336.0269
0.3365558
666.0991
0
296.6204
0.2345547
666.6696
335.919
0.06915031
661.2342
0
296.2138
0.09276751
662.1961
335.5915
-0.03698056
655.7514
0
295.6414
0.09767072
658.1985
335.196
-0.06838216
649.7972
0
294.946
0.06753571
655.6188
334.8814
-0.02721342
642.4294
0
294.3142
0.03391832
653.233
334.5031
0.01743768
634.8676
0
293.3744
0.02999855
649.0698
332.0902
0.02295454
629.649
0
291.4434
0.03292996
644.7731
329.5585
0.02627317
625.0469
0
288.546
0.03887443
640.6008
327.1486
0.03257595
620.7449
0
286.79
0.1396574
637.6138
324.0142
0.1351815
615.0168
0
285.3178
0.2625459
634.9291
320.693
0.2602689
608.9301
0
283.8651
0.3854145
632.2728
317.3524
0.3853762
602.8149
0
281.1355
0.2155061
630.5255
313.845
0.2118638
596.7585
0
278.6029
0.08519857
628.9894
309.5747
0.08864234
591.1376
0
276.413
0.1080434
627.7079
303.0967
0.1575318
587.4359
0
274.2652
0.1304638
626.4454
296.5764
0.2268456
583.7151
0
272.1597
0.1524597
625.202
290.014
0.296584
579.9753
0
270.0963
0.1740311
623.9776
283.4093
0.3667467
576.2164
0
268.0753
0.1951784
622.7723
276.7623
0.4373348
572.4384
0
264.8177
0.1788352
622.3065
270.4322
0.365473
571.6284
0
260.9741
0.1448011
622.1571
264.2846
0.2323293
572.1289
0
257.116
0.1092097
622.0045
258.1514
0.1030001
572.624
0
254.1972
0.0747774
621.8408
251.0716
0.06859883
572.7576
0
251.2842
0.04034463
621.6766
243.9861
0.03419715
572.8917
0
248.6095
0.02000488
621.9359
237.1712
0.01385434
574.591
0
246.1663
0.0200074
622.8421
230.8595
0.01381676
578.5148
0
243.573
0.0200011
623.7979
224.6981
0.01378799
582.389
0
240.2947
0.1315762
624.8843
219.0674
-0.01473942
585.8397
0
236.891
0.2551697
626.0117
213.5417
-0.04424072
589.2104
0
233.4389
0.3757725
627.168
208.0645
-0.07075135
592.5522
0
231.6233
0.3182301
629.5611
204.0273
-0.06735136
598.1296
0
229.9651
0.2431266
632.0933
200.1453
-0.06146026
603.9208
0
228.295
0.1684269
634.6413
196.2753
-0.05597132
609.6962
0
226.6129
0.09412926
637.2051
192.4174
-0.0508844
615.4559
0
224.9188
0.02023364
639.7847
188.5715
-0.0461995
621.1997
0
223.2126
-0.05325995
642.3799
184.7377
-0.04191662
626.9278
0
222.7126
-0.06314716
645.9971
183.8166
-0.02499748
633.0658
0
222.3876
-0.06360256
649.7784
183.3249
-0.006319134
639.2499
0
222.0596
-0.06392031
653.576
182.8364
0.01222155
645.4177
0
221.7284
-0.06410041
657.3901
182.351
0.03062459
651.569
0
221.394
-0.06414285
661.2205
181.8687
0.04888997
657.7039
0
221.0566
-0.06404764
665.0674
181.3896
0.0670177
663.8224
0
220.9408
0.243225
669.0303
181.2342
0.2127537
669.8252
0
220.9985
0.9361669
673.3707
181.627
0.7558901
675.374
0
221.0482
1.858169
678.1905
182.4917
1.776237
680.3196
0
221.0973
2.79903
683.0262
183.2237
2.793014
685.2476
0
221.139
3.933508
688.0062
182.4544
3.78931
690.0095
0
221.181
5.070836
692.9918
181.6848
4.782757
694.7661
0
221.221
6.182784
697.8539
181.3768
5.845337
699.6512
0
221.2594
7.273729
702.6186
181.4224
6.962432
704.6381
0
221.2978
8.365087
707.3917
181.4767
8.085896
709.6149
0
221.3371
9.463821
712.3096
181.6802
9.317549
714.4173
0
221.3764
10.56312
717.2271
181.8837
10.54864
719.2202
0
221.4157
11.66301
722.1442
182.0873
11.77919
724.0238
0
221.4564
12.79819
727.0557
182.1916
12.98882
728.8309
0
221.4976
13.94453
731.9655
182.2642
14.19188
733.6392
0
221.5388
15.09196
736.8749
182.3368
15.39439
738.4479
0
221.5788
16.28249
741.769
182.4061
16.57628
743.2664
0
221.6191
17.49016
746.7495
182.4737
17.74658
747.9973
0
221.6615
18.78718
752.1795
182.5321
18.85648
752.2715
0
221.7038
20.08411
757.6089
182.5906
19.96649
756.5464
0
221.7455
21.33212
762.6829
182.6532
21.10562
761.1813
0
221.7873
22.57893
767.7484
182.7159
22.24547
765.8251
0
221.8298
23.75611
772.608
182.7799
23.48323
770.6676
0
221.8726
24.91237
777.4057
182.8443
24.75052
775.5701
0
221.9187
26.13401
782.4402
182.9048
25.89886
780.2488
0
221.9653
27.36667
787.5147
182.9646
27.02719
784.8898
0
222.0157
28.5311
792.6047
183.0191
28.17436
789.5272
0
222.0666
29.68784
797.6968
183.0731
29.32366
794.1638
0
222.1167
30.71087
802.4604
183.1125
30.46633
799.161
0
222.1676
31.57625
806.9597
182.9915
31.50368
804.4693
0
222.2227
32.195
811.1617
182.5756
32.32114
810.1557
0
222.2869
32.93086
816.0847
182.2125
33.0244
815.1229
0
222.3811
33.55228
821.5735
181.5552
33.43623
819.553
0
222.3984
34.03389
827.5788
180.6494
33.61617
823.4815
0
221.5985
34.13545
833.433
179.7995
34.04325
827.4747
0
220.4216
34.1622
840.2131
178.6791
34.069
830.4134
0
218.991
34.16378
847.8875
177.6645
34.0611
832.4332
0
217.4503
34.16291
856.1986
176.8674
34.14456
833.8431
0
215.9445
34.16307
864.7144
176.1178
34.15025
835.0684
0
214.0185
34.27631
872.5842
175.2153
34.26926
836.7625
0
211.7622
34.51509
879.4976
174.008
34.51366
839.2163
0
208.2026
34.35658
885.8426
171.7598
34.35605
840.9551
0
204.3521
34.16007
892.2362
169.551
34.15991
842.5045
0
198.9674
34.16246
898.5118
168.0893
34.15734
843.516
0
193.3417
34.16505
904.9184
166.8686
34.15456
844.3969
0
187.8281
34.16053
910.4189
164.8915
34.15295
845.4896
0
182.299
34.15281
915.525
162.6426
34.15239
846.6661
0
175.2417
34.22706
920.3177
161.0678
34.22672
846.9171
0
167.8731
34.3013
925.1617
159.8043
34.30104
847.1171
0
160.2026
34.31463
928.1289
158.3726
34.31448
846.9462
0
152.427
34.22076
927.7181
156.2187
34.22071
846.197
0
144.7586
34.15205
927.0959
154.0071
34.15208
845.3699
0
137.4386
34.15216
925.8944
151.5823
34.15216
844.332
0
130.1827
34.15304
924.1668
149.2707
34.15257
843.358
0
123.4468
34.15743
920.0372
147.2638
34.15455
842.6354
0
116.8317
34.16177
915.9442
145.1364
34.15659
841.8762
0
112.1474
34.22827
909.4178
142.8801
34.22417
841.2318
0
107.7422
34.29745
902.9042
140.4209
34.29448
840.4764
0
103.5412
34.36668
896.5097
137.7574
34.36473
839.6021
0
99.54453
34.43596
890.2341
134.8896
34.43493
838.6089
0
95.75214
34.5053
884.0774
131.8175
34.50508
837.4968
0
92.32535
34.50891
878.869
128.4618
34.50906
835.3605
0
89.10471
34.45199
874.4602
124.9754
34.45214
832.3545
0
85.8955
34.39507
870.0616
121.4777
34.39522
829.3383
0
82.69772
34.33815
865.6734
117.9684
34.3383
826.3118
0
79.51129
34.28122
861.2952
114.4477
34.28138
823.2751
0
76.33636
34.2243
856.9272
110.9156
34.22446
820.2283
0
73.17287
34.16739
852.5694
107.3721
34.16755
817.1713
0
69.39459
34.20429
849.3057
103.7171
34.19603
813.7648
0
65.49162
34.26024
846.2627
100.04
34.24169
810.2881
0
61.58959
34.31629
843.2205
96.36199
34.28724
806.8104
0
57.68852
34.37243
840.1792
92.68303
34.33271
803.3319
0
53.78838
34.42867
837.1387
89.00314
34.37807
799.8525
0
49.8892
34.485
834.0993
85.32228
34.42334
796.3721
0
46.0881
34.53405
830.9469
81.64304
34.46216
792.9094
0
43.56857
34.48598
826.2988
77.99479
34.41721
789.6884
0
41.05288
34.43793
821.6542
74.34254
34.37225
786.4635
0
38.54116
34.3899
817.0134
70.68647
34.32726
783.235
0
36.03335
34.3419
812.3764
67.0265
34.28224
780.0027
0
33.52946
34.29391
807.7432
63.36261
34.23721
776.7667
0
31.02947
34.24595
803.1136
59.69481
34.19215
773.527
0
28.53339
34.19802
798.4879
56.0231
34.14707
770.2835
0
25.13507
34.36473
794.7598
52.4615
34.3576
766.8696
0
21.48449
34.59118
791.2812
48.93137
34.63948
763.4088
0
17.83378
34.81753
787.8025
45.40137
34.92146
759.9481
0
14.18295
35.04377
784.3237
41.87149
35.20353
756.4876
0
10.53198
35.26992
780.8446
38.34175
35.48571
753.0272
0
6.880795
35.49596
777.3654
34.81204
35.76801
749.5668
0
3.685737
35.81613
774.1545
30.99464
36.09471
745.6801
0
0.456521
36.25357
770.8713
27.26772
36.53906
741.847
0
-3.011495
37.05018
767.2753
23.91876
37.35736
738.3089
0
-6.571014
37.93821
763.5359
20.69406
38.1079
734.8889
0
-10.46339
39.15979
759.2737
17.92213
38.61135
731.8992
0
-14.03988
40.36459
755.3315
14.92323
39.34495
728.5665
0
-17.2881
41.5535
751.7215
11.68907
40.3177
724.8769
0
-20.41284
42.69092
748.3038
8.38192
41.69859
721.0686
0
-23.49123
43.80801
744.9578
5.046857
43.23012
717.2155
0
-26.64715
45.30335
741.4773
1.831577
44.8248
713.6536
0
-29.8885
47.21449
737.8488
-1.251571
46.48805
710.4119
0
-33.12884
49.12468
734.2212
-4.33572
48.15224
707.1691
0
-36.43924
51.01565
730.5715
-7.334697
50.16405
704.1176
1
-39.76286
52.90341
726.9191
-10.31721
52.24973
701.105
1
-42.63651
54.81376
723.5251
-14.97607
54.24422
699.2981
1
-45.40189
56.7304
720.1893
-20.05849
56.21479
697.8095
1
-48.55086
57.49538
716.9227
-24.35718
57.09573
695.6956
1
-52.59329
55.55556
713.8194
-26.82625
55.43806
692.1181
1
-56.65398
53.60169
710.6899
-29.27706
53.79444
688.5667
1
-60.73292
51.63378
707.5344
-31.70962
52.16486
685.0414
1
-64.83021
49.65177
704.3525
-34.12398
50.54929
681.5423
1
-68.94565
47.65577
701.1445
-36.52004
48.9478
678.0694
1
-73.07935
45.64573
697.9103
-38.89784
47.36036
674.6227
1
-77.23129
43.62164
694.65
-41.2574
45.78695
671.2021
1
-81.40148
41.5835
691.3635
-43.5987
44.22759
667.8078
1
-85.58993
39.53133
688.0508
-45.92175
42.68228
664.4396
1
-89.44698
37.76292
684.3384
-48.0326
41.32743
661.1863
1
-89.75194
38.9877
676.9117
-48.19931
41.77445
658.7662
1
-90.01086
40.19101
669.6229
-48.41206
42.24292
656.2083
1
-90.22374
41.37286
662.4721
-48.67085
42.73285
653.5123
1
-90.39059
42.53328
655.459
-48.97569
43.24426
650.6783
1
-90.40194
43.38893
650.0716
-48.68421
43.95679
646.1955
0
-90.41002
44.23753
644.7205
-48.37575
44.67358
641.6757
0
-90.41839
45.08701
639.3639
-48.06699
45.3895
637.1614
0
-90.42706
45.93736
634.0018
-47.75796
46.10453
632.6526
0
-90.43601
46.78858
628.6342
-47.44862
46.8187
628.1494
0
-90.44526
47.64069
623.2609
-47.13898
47.53198
623.6517
0
-90.21575
48.43446
618.2656
-46.31016
48.31073
618.8299
0
-89.98419
49.22791
613.2712
-45.47702
49.08987
614.0075
0
-89.75258
50.02153
608.2745
-44.64395
49.86883
609.1874
0
-89.52093
50.81532
603.2756
-43.81091
50.64762
604.3695
0
-89.28922
51.60931
598.2744
-42.9779
51.42626
599.5537
0
-89.05747
52.40345
593.2711
-42.14495
52.20471
594.7404
0
-89.72853
53.07507
588.2602
-40.90358
52.86449
589.8641
0
-90.7563
53.69822
583.2454
-39.50085
53.47744
584.9638
0
-91.78401
54.32135
578.2291
-38.09818
54.0904
580.0652
0
-92.81168
54.94448
573.211
-36.69556
54.70337
575.1683
0
-93.83927
55.56759
568.1913
-35.29301
55.31636
570.2729
0
-94.8668
56.19069
563.17
-33.89051
55.92936
565.3793
0
-95.89428
56.81377
558.147
-32.48808
56.54238
560.4873
0
-96.92171
57.43684
553.1224
-31.0857
57.15541
555.5969
0
-97.94907
58.0599
548.0961
-29.68338
57.76845
550.7082
0
-98.97639
58.68296
543.0681
-28.28108
58.38152
545.8209
0
-99.46793
59.24274
538.2567
-28.02891
58.97518
540.721
0
-99.4669
59.745
533.6396
-28.83401
59.55038
535.4301
0
-99.46575
60.24806
529.0152
-29.63924
60.12477
530.1465
0
-99.46448
60.75193
524.3832
-30.44461
60.69835
524.8704
0
-99.46307
61.25661
519.7438
-31.25009
61.27112
519.6019
0
-99.46239
61.77647
514.8293
-31.34539
61.8041
514.5924
0
-99.46228
62.30731
509.713
-30.91306
62.3078
509.7731
0
-99.46214
62.83832
504.5947
-30.48074
62.81132
504.9557
0
-99.46198
63.36951
499.4745
-30.04846
63.31467
500.1401
0
-99.46178
63.90088
494.3524
-29.6162
63.81785
495.3265
0
-99.46155
64.43243
489.2283
-29.18396
64.32087
490.5146
0
-99.4613
64.96413
484.1024
-28.75176
64.82369
485.7048
0
-99.46101
65.49603
478.9747
-28.31959
65.32635
480.8969
0
-99.46071
66.02808
473.845
-27.88745
65.82883
476.0909
0
-99.46089
66.55973
468.7161
-27.45905
66.33106
471.2839
0
-99.51428
67.03214
463.8643
-27.40654
66.82601
466.1837
0
-99.56767
67.50453
459.013
-27.35403
67.32098
461.0833
0
-99.62107
67.97688
454.1619
-27.3015
67.81599
455.9825
0
-99.67448
68.44921
449.3112
-27.24897
68.31104
450.8813
0
-99.72789
68.9215
444.4608
-27.19643
68.80611
445.7798
0
-99.78131
69.39378
439.6107
-27.14388
69.30123
440.6778
0
-99.83475
69.866
434.7611
-27.09132
69.79636
435.5756
0
-99.85136
70.23601
429.8331
-27.075
70.17647
430.534
0
-99.85123
70.55952
424.8695
-27.07515
70.50426
425.5201
0
-99.8511
70.88306
419.9058
-27.07531
70.83205
420.5062
0
-99.85097
71.20657
414.9421
-27.07546
71.15984
415.4924
0
-99.85084
71.5301
409.9785
-27.07561
71.48762
410.4785
0
-99.8507
71.85362
405.0148
-27.07578
71.81541
405.4646
0
-99.85057
72.17715
400.0511
-27.07593
72.1432
400.4507
0
-99.85043
72.50067
395.0874
-27.07608
72.47099
395.4369
0
-99.8503
72.8242
390.1238
-27.07624
72.79877
390.423
0
-99.85017
73.14772
385.16
-27.07639
73.12657
385.409
0
-99.85004
73.47125
380.1963
-27.07655
73.45436
380.3951
0
-99.84991
73.79477
375.2326
-27.0767
73.78215
375.3813
0
-99.84978
74.1183
370.269
-27.07686
74.10994
370.3673
0
-99.84964
74.44182
365.3053
-27.07701
74.43773
365.3535
0
-99.84953
74.75895
360.3403
-27.07716
74.75895
360.3403
0
-99.84967
74.92518
355.3436
-27.07697
74.92518
355.3437
0
-99.84982
75.0914
350.347
-27.07677
75.0914
350.3471
0
-99.84996
75.25762
345.3504
-27.07659
75.25762
345.3504
0
-99.8501
75.42385
340.3537
-27.0764
75.42385
340.3538
0
-99.85025
75.59008
335.357
-27.07621
75.59008
335.3571
0
-99.85039
75.7563
330.3604
-27.07602
75.7563
330.3604
0
-99.85054
75.92252
325.3637
-27.07582
75.92252
325.3638
0
-99.85068
76.08875
320.3671
-27.07563
76.08875
320.3672
0
-99.85083
76.25497
315.3705
-27.07544
76.25497
315.3705
0
-99.85097
76.4212
310.3738
-27.07525
76.4212
310.3739
0
-99.85112
76.58743
305.3772
-27.07506
76.58743
305.3773
0
-99.85126
76.75365
300.3806
-27.07487
76.75365
300.3806
0
-99.8514
76.91987
295.3839
-27.07468
76.91987
295.384
0
-99.85155
77.0861
290.3873
-27.07449
77.0861
290.3874
0
-99.85169
77.25232
285.3907
-27.0743
77.25232
285.3907
0
-99.85184
77.41855
280.3939
-27.07411
77.41855
280.394
0
-99.85198
77.58477
275.3974
-27.07392
77.58477
275.3975
0
-99.8519
77.59998
270.398
-27.07404
77.59998
270.3981
0
-99.85179
77.6078
265.3988
-27.07416
77.6078
265.3988
0
-99.8517
77.61561
260.3993
-27.07429
77.61561
260.3993
0
-99.85159
77.62342
255.3998
-27.07442
77.62342
255.3998
0
-99.8515
77.63124
250.4005
-27.07454
77.63124
250.4005
0
-99.85139
77.63905
245.401
-27.07467
77.63905
245.401
0
-99.8513
77.64687
240.4017
-27.0748
77.64687
240.4017
0
-99.8512
77.65469
235.4022
-27.07493
77.65469
235.4022
0
-99.8511
77.6625
230.403
-27.07505
77.6625
230.403
0
-99.851
77.67031
225.4035
-27.07518
77.67031
225.4035
0
-99.85091
77.67812
220.4042
-27.07531
77.67812
220.4042
0
-99.8508
77.68594
215.4047
-27.07544
77.68594
215.4047
0
-99.85071
77.69376
210.4054
-27.07557
77.69376
210.4054
0
-99.8506
77.70157
205.4059
-27.0757
77.70157
205.4059
0
-99.85051
77.70939
200.4064
-27.07582
77.70939
200.4064
0
-99.8504
77.7172
195.4071
-27.07595
77.7172
195.4071
0
-99.85031
77.72501
190.4076
-27.07608
77.72501
190.4076
0
-99.85023
77.68843
185.4092
-27.07617
77.68843
185.4092
0
-99.85026
77.4822
180.414
-27.07613
77.4822
180.414
0
-99.85028
77.27599
175.419
-27.07608
77.27599
175.4189
0
-99.85031
77.06976
170.4237
-27.07603
77.06976
170.4237
0
-99.85033
76.86354
165.4287
-27.07599
76.86354
165.4286
0
-99.85036
76.65732
160.4335
-27.07594
76.65732
160.4334
0
-99.85039
76.4511
155.4384
-27.0759
76.4511
155.4384
0
-99.85042
76.24487
150.4432
-27.07585
76.24487
150.4431
0
-99.85044
76.03864
145.4479
-27.07581
76.03864
145.4478
0
-99.85046
75.83243
140.4529
-27.07576
75.83243
140.4528
0
-99.85049
75.62621
135.4577
-27.07571
75.62621
135.4576
0
-99.85052
75.41998
130.4626
-27.07567
75.41998
130.4626
0
-99.85054
75.21376
125.4674
-27.07562
75.21376
125.4673
0
-99.85057
75.00755
120.4724
-27.07558
75.00754
120.4723
0
-99.85059
74.80132
115.4771
-27.07553
74.80131
115.477
0
-99.85062
74.59511
110.4821
-27.07549
74.59509
110.482
0
-99.85065
74.38888
105.4869
-27.07544
74.38886
105.4867
0
-99.85067
74.18266
100.4918
-27.07539
74.18265
100.4917
0
-99.8507
73.97644
95.4966
-27.07535
73.97643
95.49646
0
-99.85072
73.77021
90.50134
-27.0753
73.7702
90.5012
0
-99.85075
73.564
85.50632
-27.07526
73.56398
85.50619
0
-99.85078
73.35777
80.51107
-27.07521
73.35775
80.51092
0
-99.8508
73.15155
75.51606
-27.07516
73.15154
75.51591
0
-99.85083
72.94532
70.52081
-27.07512
72.9453
70.52064
0
-99.85085
72.73911
65.52579
-27.07507
72.73909
65.52563
0
-99.81107
72.37212
60.41211
-27.11755
72.39144
60.66829
0
-99.75019
71.91991
55.2364
-27.18259
71.96876
55.88383
0
-99.68932
71.46774
50.06107
-27.24761
71.546
51.0985
0
-99.62845
71.01563
44.88665
-27.31262
71.12321
46.31274
0
-99.5676
70.56355
39.71262
-27.37762
70.70035
41.52612
0
-99.50676
70.11152
34.53924
-27.44262
70.27744
36.73884
0
-99.50644
69.70087
29.43353
-27.45639
69.88582
31.87832
0
-99.52245
69.30133
24.34558
-27.45636
69.50261
26.99791
0
-99.53846
68.90181
19.25783
-27.45633
69.11943
22.11782
0
-99.55447
68.50227
14.16975
-27.4563
68.73623
17.23755
0
-99.57047
68.10274
9.081844
-27.45628
68.35306
12.35758
0
-99.57961
67.68222
4.028029
-27.45638
67.94624
7.447001
0
-99.56528
67.19016
-0.9081246
-27.45689
67.45882
2.432721
0
-99.55096
66.69807
-5.844539
-27.45741
66.97135
-2.581785
0
-99.53664
66.206
-10.78073
-27.45792
66.48392
-7.596026
0
-99.52232
65.71391
-15.71719
-27.45843
65.99646
-12.61049
0
-99.508
65.22182
-20.65366
-27.45895
65.509
-17.62494
0
-99.49367
64.72977
-25.58991
-27.45947
65.02156
-22.63912
0
-99.48914
64.20665
-30.53608
-27.45933
64.50084
-27.63729
0
-99.48718
63.67535
-35.48457
-27.45903
63.97134
-32.63092
0
-99.48524
63.14403
-40.43331
-27.45873
63.44182
-37.62479
0
-99.4833
62.61274
-45.3818
-27.45843
62.91233
-42.61842
0
-99.48135
62.08141
-50.33053
-27.45813
62.38281
-47.61228
0
-99.4794
61.55012
-55.27903
-27.45782
61.85332
-52.6059
0
-99.47746
61.01879
-60.22778
-27.45752
61.3238
-57.59976
0
-99.47626
60.45828
-65.16553
-27.45688
60.76179
-62.59699
0
-99.47643
59.84519
-70.08423
-27.45562
60.14126
-67.60097
0
-99.4766
59.23209
-75.00291
-27.45435
59.52074
-72.60493
0
-99.47676
58.61903
-79.92137
-27.45308
58.90024
-77.60866
0
-99.47693
58.00594
-84.84006
-27.45182
58.27972
-82.61263
0
-99.4771
57.39288
-89.75851
-27.45055
57.65922
-87.61635
0
-99.47726
56.77978
-94.67721
-27.44929
57.03869
-92.62031
0
-99.47743
56.16672
-99.59567
-27.44802
56.4182
-97.62402
0
-99.47727
55.5354
-104.5199
-27.44733
55.78163
-102.6179
0
-99.47585
54.83188
-109.4658
-27.44893
55.08152
-107.5715
0
-99.47443
54.12833
-114.412
-27.45051
54.38136
-112.5254
0
-99.47301
53.42479
-119.3581
-27.4521
53.68122
-117.4793
0
-99.47157
52.72128
-124.304
-27.45369
52.9811
-122.4329
0
-99.47015
52.01773
-129.2502
-27.45528
52.28096
-127.3868
0
-99.46892
51.31165
-134.1863
-27.45668
51.57511
-132.349
0
-99.46925
50.58374
-139.0392
-27.45655
50.82057
-137.3847
0
-99.46959
49.85586
-143.8919
-27.45643
50.06607
-142.4201
0
-99.46992
49.12795
-148.7448
-27.4563
49.31153
-147.4557
0
-99.47026
48.40007
-153.5975
-27.45617
48.55703
-152.4911
0
-99.4706
47.67216
-158.4504
-27.45604
47.80249
-157.5267
0
-99.47506
46.94268
-163.3053
-27.4518
47.0471
-162.5595
0
-99.53455
46.19194
-168.1893
-27.39269
46.27979
-167.5586
0
-99.59405
45.44123
-173.0731
-27.33358
45.51245
-172.5579
0
-99.65353
44.69057
-177.9565
-27.27447
44.74512
-177.5572
0
-99.71303
43.93991
-182.8399
-27.21536
43.97773
-182.5569
0
-99.77252
43.18932
-187.7229
-27.15625
43.21035
-187.5565
0
-99.83202
42.43871
-192.606
-27.09713
42.4429
-192.5566
0
-99.85529
41.61789
-197.5186
-27.07355
41.61775
-197.5056
0
-99.8548
40.75092
-202.451
-27.07327
40.75469
-202.4214
0
-99.85431
39.88399
-207.3832
-27.07299
39.89168
-207.3369
0
-99.85381
39.01702
-212.3156
-27.07272
39.02862
-212.2527
0
-99.85332
38.15009
-217.2478
-27.07244
38.16561
-217.1682
0
-99.85283
37.28312
-222.1802
-27.07216
37.30255
-222.084
0
-99.85234
36.41615
-227.1126
-27.07189
36.4395
-226.9998
0
-99.82587
35.53133
-232.0433
-27.09489
35.55914
-231.91
0
-99.59133
34.50307
-236.9625
-27.30443
34.53973
-236.7779
0
-99.3568
33.47493
-241.8811
-27.51396
33.52031
-241.6458
0
-99.12225
32.44679
-246.7997
-27.7235
32.50079
-246.5143
0
-98.88773
31.41876
-251.7177
-27.93302
31.48125
-251.3829
0
-98.65318
30.39073
-256.6356
-28.14256
30.46162
-256.2521
0
-98.41866
29.36281
-261.5529
-28.35208
29.44198
-261.1213
0
-97.11996
28.37349
-266.4221
-29.60913
28.4415
-266.0511
0
-95.3878
27.3993
-271.2749
-31.29289
27.44956
-271.0014
0
-93.65553
26.4243
-276.1321
-32.97675
26.45833
-275.9478
0
-91.92326
25.44854
-280.9936
-34.66061
25.46786
-280.89
0
-90.19104
24.47206
-285.859
-36.34442
24.47821
-285.8278
0
-89.87627
23.41012
-290.7568
-36.75512
23.42031
-290.701
0
-89.71461
22.3391
-295.6574
-37.0283
22.35501
-295.5674
0
-89.55293
21.26807
-300.558
-37.3015
21.28962
-300.4344
0
-89.45946
20.20459
-305.4007
-37.45944
20.20746
-305.357
0
-89.45944
19.15127
-310.1651
-37.45944
19.10226
-310.3559
0
-89.45943
18.098
-314.9292
-37.45944
17.9971
-315.3546
0
-89.45942
17.04469
-319.6935
-37.45943
16.8919
-320.3535
0
-89.45941
15.99144
-324.4576
-37.45944
15.78673
-325.3522
0
-89.4594
14.93813
-329.2219
-37.45943
14.68152
-330.3512
0
-89.45938
13.88484
-333.9861
-37.45943
13.57629
-335.3502
0
-89.45937
12.83159
-338.7502
-37.45944
12.47112
-340.3489
0
-89.45935
11.78648
-343.5343
-37.45945
11.38197
-345.3328
0
-89.4594
10.91315
-348.7347
-37.45959
10.6304
-349.998
0
-89.45944
10.0398
-353.9353
-37.45974
9.878771
-354.6634
0
-89.45949
9.166524
-359.1355
-37.45989
9.127152
-359.3288
0
-89.45952
8.595534
-363.9696
-37.45998
8.565433
-364.4255
0
-89.45953
8.118622
-368.6894
-37.46006
8.062824
-369.6561
0
-89.45956
7.641692
-373.4093
-37.46013
7.560187
-374.8871
0
-89.45958
7.231592
-378.2399
-37.46019
7.147692
-380.017
0
-89.45958
7.071898
-383.485
-37.4602
7.072959
-384.7677
0
-89.45959
6.912212
-388.7303
-37.4602
6.998208
-389.5188
0
-89.45959
6.75255
-393.9752
-37.46021
6.923444
-394.2697
0
-89.46159
6.978379
-399.0632
-37.45819
7.141665
-399.1579
0
-89.46473
7.420521
-404.0629
-37.45502
7.524286
-404.1228
0
-89.46786
7.862692
-409.0627
-37.45187
7.906918
-409.088
0
-89.47015
8.413558
-414.0429
-37.44952
8.413817
-414.0426
0
-89.47012
9.263084
-418.9698
-37.44945
9.26218
-418.9695
0
-89.47008
10.11257
-423.8964
-37.44938
10.1105
-423.8962
0
-89.47005
10.9621
-428.8233
-37.4493
10.95886
-428.8231
0
-89.47002
11.81162
-433.7502
-37.44923
11.80723
-433.75
0
-89.46998
12.66111
-438.6768
-37.44915
12.65555
-438.6767
0
-89.46995
13.51063
-443.6038
-37.44907
13.50391
-443.6036
0
-89.46991
14.36012
-448.5304
-37.449
14.35223
-448.5302
0
-89.46988
15.20964
-453.4573
-37.44893
15.20059
-453.4571
0
-89.46586
16.16165
-458.2758
-37.45291
16.19147
-458.4447
0
-89.45966
17.16992
-463.0354
-37.45912
17.26054
-463.466
0
-89.33087
18.00403
-466.8171
-37.58795
18.5827
-469.4474
0
-89.19549
18.82881
-470.5466
-37.72337
19.91852
-475.4807
0
-89.06005
19.65344
-474.2754
-37.85884
21.25438
-481.5143
0
-88.92455
20.47799
-478.0038
-37.99438
22.59042
-487.5486
0
-88.96569
21.31965
-481.8398
-38.51975
23.86312
-493.35
0
-90.21165
22.27811
-486.4138
-41.70125
24.70375
-497.5585
0
-91.45831
23.23578
-490.991
-44.88227
25.54525
-501.7643
0
-92.70554
24.19258
-495.5707
-48.0625
26.38755
-505.967
0
-93.95344
25.14858
-500.1536
-51.24226
27.23072
-510.1671
0
-95.20192
26.10371
-504.7391
-54.42123
28.07468
-514.3641
0
-96.45109
27.05806
-509.3276
-57.59974
28.91951
-518.5583
0
-97.70084
28.01152
-513.9188
-60.77745
29.76514
-522.7496
0
-98.58802
29.00681
-518.7836
-62.90794
30.62355
-527.009
0
-98.7532
30.08645
-524.1863
-62.95708
31.50593
-531.4081
0
-98.91837
31.1661
-529.5892
-63.00625
32.38839
-535.8076
0
-99.08352
32.24571
-534.9917
-63.05544
33.27089
-540.2073
0
-99.24863
33.32523
-540.3939
-63.10467
34.1534
-544.607
0
-99.41371
34.40475
-545.796
-63.15393
35.03599
-549.0071
0
-99.57877
35.48417
-551.1978
-63.2032
35.91858
-553.4072
0
-99.7438
36.56361
-556.5994
-63.25251
36.80125
-557.8078
0
-99.9088
37.64295
-562.0007
-63.30185
37.68393
-562.2084
0
-99.795
38.569
-567.6428
-63.29204
38.35762
-566.4333
0
-99.62746
39.46521
-573.3299
-63.27072
38.99114
-570.6253
0
-99.46001
40.36123
-579.0161
-63.24931
39.6249
-574.8187
0
-99.31704
41.24083
-584.5695
-62.95194
40.28069
-579.1162
0
-99.3193
42.02314
-589.3333
-61.02036
41.06746
-584.0374
0
-99.32323
42.80274
-594.0751
-59.08711
41.85693
-588.9803
0
-99.32883
43.57959
-598.7947
-57.15229
42.64907
-593.9451
0
-99.33609
44.35377
-603.4926
-55.21571
43.44396
-598.9321
0
-99.34502
45.12519
-608.1683
-53.27755
44.24153
-603.9407
0
-99.35563
45.89395
-612.8223
-51.33764
45.04185
-608.9716
0
-99.3679
46.65995
-617.4541
-49.39614
45.84484
-614.0242
0
-99.38184
47.42327
-622.0642
-47.45288
46.65059
-619.099
0
-99.39744
48.18386
-626.652
-45.50806
47.459
-624.1955
0
-99.41471
48.94176
-631.2182
-43.56147
48.27017
-629.3141
0
-99.43364
49.69691
-635.7622
-41.61331
49.08401
-634.4546
0
-99.45425
50.44939
-640.2844
-39.66339
49.9006
-639.6172
0
-99.47653
51.19915
-644.7847
-37.71179
50.71991
-644.8019
0
-99.48154
51.90214
-649.7865
-35.80647
51.48716
-649.5054
0
-99.48031
52.58867
-654.9711
-33.91662
52.23914
-654.0334
0
-99.47866
53.2729
-660.1742
-32.02726
52.99334
-658.5425
0
-99.47659
53.95491
-665.3964
-30.13823
53.74983
-663.033
0
-99.47412
54.63463
-670.6371
-28.24971
54.50855
-667.5044
0
-99.4708
55.23855
-675.3112
-27.4572
55.19521
-672.6683
0
-99.46709
55.78878
-679.5657
-27.4573
55.82853
-678.342
0
-99.46336
56.33906
-683.8209
-27.45741
56.46183
-684.0156
0
-99.4604
56.90685
-688.2271
-27.45758
57.08411
-689.537
0
-99.46445
57.63514
-694.015
-27.4584
57.60571
-693.6697
0
-99.46847
58.36355
-699.8038
-27.45924
58.1272
-697.8016
0
-99.47247
59.09203
-705.5932
-27.4601
58.64855
-701.9323
0
-99.47408
59.75148
-710.9349
-27.46076
59.21228
-706.5144
0
-99.472
60.3042
-715.5844
-27.46108
59.84147
-711.7934
0
-99.46991
60.85699
-720.2343
-27.46142
60.47065
-717.0724
0
-99.4678
61.40977
-724.8843
-27.46177
61.09977
-722.3508
0
-99.46616
61.95835
-729.5575
-27.46191
61.71638
-727.6084
0
-99.46741
62.47995
-734.3743
-27.46063
62.25407
-732.7339
0
-99.46867
63.00158
-739.1913
-27.45935
62.79179
-737.8596
0
-99.46992
63.52322
-744.0082
-27.45808
63.32951
-742.9853
0
-99.47035
64.01655
-748.8511
-27.45755
63.84998
-748.0894
0
-99.47018
64.49019
-753.7123
-27.45757
64.35847
-753.179
0
-99.47003
64.9638
-758.5732
-27.45757
64.86694
-758.2682
0
-99.46986
65.43744
-763.4344
-27.45758
65.37543
-763.3577
0
-99.46971
65.91106
-768.2954
-27.45759
65.88389
-768.4469
0
-99.46954
66.3847
-773.1566
-27.4576
66.39238
-773.5364
0
-99.46938
66.85832
-778.0175
-27.45761
66.90085
-778.6257
0
-99.48219
67.32932
-782.9182
-27.44479
67.39642
-783.6772
0
-99.53755
67.79162
-787.9481
-27.38984
67.84959
-788.6037
0
-99.59293
68.25395
-792.9784
-27.33488
68.30276
-793.5304
0
-99.64828
68.7163
-798.0089
-27.27993
68.75593
-798.457
0
-99.70365
69.17864
-803.0392
-27.22498
69.20905
-803.3831
0
-99.75902
69.64102
-808.0701
-27.17002
69.66219
-808.3093
0
-99.81438
70.10339
-813.1008
-27.11507
70.11528
-813.2351
0
-99.86975
70.5658
-818.1319
-27.06011
70.56839
-818.1609
0
-99.80762
70.9054
-823.2935
-27.12167
70.88022
-822.9753
0
-99.69911
71.19645
-828.5059
-27.2292
71.13641
-827.747
0
-99.59063
71.48739
-833.7168
-27.33672
71.39268
-832.5198
0
-99.48216
71.77824
-838.9265
-27.44422
71.64906
-837.2941
0
-99.46944
72.10519
-844.1568
-27.45655
71.95643
-842.0422
0
-99.46938
72.43694
-849.3903
-27.45628
72.27057
-846.7869
0
-99.46931
72.7687
-854.6239
-27.45601
72.58469
-851.5315
0
-99.46928
73.0875
-859.7653
-27.45583
72.89452
-856.3688
0
-99.4693
73.33943
-864.4312
-27.45603
73.18224
-861.6875
0
-99.46932
73.59135
-869.0969
-27.45623
73.46992
-867.0058
0
-99.46935
73.8433
-873.7629
-27.45644
73.75762
-872.3242
0
-99.46936
74.09524
-878.4289
-27.45665
74.0453
-877.6422
0
-99.46938
74.34882
-883.1777
-27.45598
74.32816
-882.8781
0
-99.46947
74.61893
-888.7717
-27.44619
74.56161
-887.2698
0
-99.4695
74.88909
-894.3672
-27.43646
74.79505
-891.6606
0
-99.46948
75.15927
-899.9634
-27.42678
75.02844
-896.0502
0
-99.46943
75.4295
-905.561
-27.41714
75.26181
-900.439
0
-99.46931
75.69977
-911.1597
-27.40755
75.49515
-904.8265
0
-99.46944
75.84217
-915.6561
-27.41884
75.66859
-910.3236
0
-99.46949
75.98289
-920.139
-27.43047
75.84119
-915.8348
0
-99.46949
76.12363
-924.6227
-27.44216
76.01377
-921.3448
0
-99.46944
76.26441
-929.1077
-27.4539
76.18632
-926.854
0
-99.4694
76.40259
-933.9268
-27.4567
76.336
-932.0292
0
-99.46938
76.53993
-938.851
-27.45668
76.4785
-937.1002
0
-99.46935
76.67728
-943.775
-27.45667
76.621
-942.1708
0
-99.46933
76.81462
-948.6993
-27.45665
76.7635
-947.2416
0
-99.4693
76.95197
-953.6233
-27.45662
76.90601
-952.3123
0
-99.46927
77.08932
-958.5476
-27.45661
77.04852
-957.3832
0
-99.46925
77.22666
-963.4719
-27.45658
77.19102
-962.454
0
-99.46925
77.32249
-968.4392
-27.45658
77.29086
-967.4828
0
-99.46927
77.3592
-973.4686
-27.45658
77.32995
-972.4522
0
-99.46929
77.39592
-978.4976
-27.45659
77.36903
-977.4214
0
-99.46931
77.43263
-983.5269
-27.45659
77.40813
-982.3909
0
-99.46934
77.46934
-988.5558
-27.4566
77.44721
-987.36
0
-99.46936
77.50605
-993.5852
-27.4566
77.48631
-992.3295
0
-99.46939
77.54276
-998.6143
-27.45661
77.5254
-997.2987
0
-99.46941
77.57948
-1003.643
-27.45661
77.56449
-1002.268
0
-99.46943
77.61369
-1008.667
-27.45662
77.60098
-1007.243
0
-99.46941
77.58092
-1013.545
-27.45666
77.5677
-1012.364
0
-99.46938
77.54816
-1018.423
-27.4567
77.53441
-1017.485
0
-99.46936
77.5154
-1023.301
-27.45674
77.50113
-1022.605
0
-99.46933
77.48263
-1028.179
-27.45678
77.46784
-1027.726
0
-99.46931
77.44986
-1033.056
-27.45682
77.43456
-1032.847
0
-99.4693
77.4171
-1037.934
-27.45686
77.40128
-1037.968
0
-99.46927
77.38433
-1042.812
-27.4569
77.36799
-1043.088
0
-99.46925
77.35157
-1047.69
-27.45694
77.33471
-1048.209
0
-99.53581
77.34289
-1052.695
-27.39036
77.32859
-1053.203
0
-99.63989
77.34775
-1057.771
-27.28625
77.3378
-1058.125
0
-99.74397
77.35261
-1062.848
-27.18213
77.34701
-1063.047
0
-99.84806
77.35744
-1067.925
-27.07802
77.35624
-1067.969
0
-99.82675
77.20508
-1073.179
-27.09928
77.22255
-1072.708
0
-99.75813
76.99342
-1078.498
-27.16785
77.03488
-1077.38
0
-99.68954
76.78179
-1083.816
-27.2364
76.84716
-1082.053
0
-99.62097
76.57021
-1089.133
-27.30491
76.65941
-1086.726
0
-99.55244
76.35865
-1094.449
-27.37341
76.47161
-1091.402
0
-99.48393
76.14714
-1099.764
-27.44186
76.28378
-1096.078
0
-99.46944
75.9038
-1104.804
-27.45628
76.04775
-1101.024
0
-99.46944
75.65192
-1109.772
-27.45621
75.79881
-1106.043
0
-99.46944
75.40003
-1114.74
-27.45614
75.54984
-1111.062
0
-99.46944
75.14814
-1119.707
-27.45607
75.30088
-1116.08
0
-99.46944
74.89626
-1124.674
-27.45599
75.05192
-1121.099
0
-99.46944
74.64438
-1129.642
-27.45592
74.80296
-1126.118
0
-99.46944
74.39249
-1134.609
-27.45584
74.55401
-1131.136
0
-99.46944
74.1406
-1139.577
-27.45578
74.30505
-1136.155
0
-99.46944
73.88873
-1144.544
-27.4557
74.0561
-1141.174
0
-99.46944
73.63683
-1149.512
-27.45563
73.80714
-1146.193
0
-99.46944
73.38496
-1154.479
-27.45555
73.55818
-1151.211
0
-99.46944
73.13307
-1159.447
-27.45548
73.30922
-1156.23
0
-99.46944
72.88119
-1164.414
-27.45541
73.06026
-1161.249
0
-99.46944
72.6293
-1169.382
-27.45534
72.81131
-1166.268
0
-99.46944
72.37742
-1174.349
-27.45527
72.56234
-1171.287
0
-99.46944
72.12553
-1179.317
-27.45519
72.31339
-1176.305
0
-99.46838
71.84087
-1184.301
-27.5649
72.00387
-1181.299
0
-99.46448
71.46636
-1189.329
-27.97441
71.52934
-1186.225
0
-99.4606
71.09126
-1194.357
-28.3839
71.05533
-1191.152
0
-99.45678
70.71563
-1199.384
-28.79333
70.58192
-1196.079
0
-99.45299
70.3394
-1204.41
-29.20272
70.10904
-1201.007
0
-99.44925
69.96264
-1209.436
-29.61207
69.63676
-1205.936
0
-99.44556
69.5853
-1214.461
-30.02139
69.16501
-1210.866
0
-99.44189
69.20741
-1219.485
-30.43065
68.69384
-1215.796
0
-99.43828
68.82893
-1224.508
-30.83989
68.22322
-1220.727
0
-99.43469
68.44989
-1229.531
-31.24908
67.75316
-1225.658
0
-99.43117
68.07032
-1234.554
-31.65822
67.28368
-1230.59
0
-99.42768
67.69015
-1239.575
-32.06733
66.81475
-1235.523
0
-99.42422
67.30945
-1244.596
-32.47638
66.34641
-1240.457
0
-99.42082
66.92816
-1249.616
-32.88541
65.8786
-1245.391
0
-99.41745
66.54633
-1254.636
-33.29438
65.41137
-1250.326
0
-99.41412
66.16392
-1259.655
-33.70332
64.94469
-1255.262
0
-99.40722
65.74151
-1264.402
-34.74802
64.47848
-1260.375
0
-99.39397
65.23586
-1268.609
-37.12753
64.01234
-1265.835
0
-99.38261
64.73
-1272.857
-39.50504
63.54646
-1271.253
0
-99.37315
64.22387
-1277.147
-41.88077
63.0808
-1276.629
0
-99.36558
63.71751
-1281.478
-44.2546
62.61536
-1281.964
0
-99.3599
63.21094
-1285.851
-46.62643
62.15018
-1287.257
0
-99.35611
62.70411
-1290.266
-48.99647
61.68522
-1292.509
0
-99.35423
62.19707
-1294.722
-51.36451
61.22051
-1297.718
0
-99.35423
61.68978
-1299.219
-53.73077
60.75602
-1302.887
0
-99.35612
61.18227
-1303.759
-56.09502
60.29177
-1308.013
0
-99.35991
60.6745
-1308.34
-58.4575
59.82775
-1313.098
0
-99.36559
60.16653
-1312.963
-60.81796
59.36398
-1318.142
0
-99.37316
59.65829
-1317.627
-63.17666
58.90042
-1323.144
0
-99.35272
58.98935
-1323.075
-64.13319
58.40507
-1327.505
0
-99.31132
58.20574
-1329.064
-64.09274
57.88728
-1331.431
0
-99.26981
57.4217
-1335.056
-64.05237
57.36991
-1335.352
0
-99.22822
56.63726
-1341.05
-64.01209
56.85299
-1339.271
0
-99.18653
55.85237
-1347.049
-63.97192
56.33648
-1343.186
0
-99.14476
55.06708
-1353.05
-63.93183
55.82042
-1347.097
0
-99.105
54.31551
-1358.772
-63.41812
55.2728
-1351.229
0
-99.0767
53.70618
-1363.316
-60.99648
54.59196
-1356.292
0
-99.05342
53.10493
-1367.799
-58.5697
53.90296
-1361.417
0
-99.03516
52.51183
-1372.221
-56.13802
53.20588
-1366.603
0
-99.02193
51.92682
-1376.581
-53.7012
52.50065
-1371.85
0
-99.01371
51.34993
-1380.881
-51.25936
51.7873
-1377.159
0
-99.01051
50.78119
-1385.119
-48.81262
51.06586
-1382.528
0
-99.01235
50.22054
-1389.295
-46.36074
50.33627
-1387.959
0
-99.0192
49.66803
-1393.411
-43.90396
49.5986
-1393.452
0
-99.03107
49.12362
-1397.465
-41.44203
48.85277
-1399.005
0
-99.04858
48.58444
-1401.467
-38.98445
48.09856
-1404.612
0
-99.14194
47.71276
-1406.544
-37.59058
47.30662
-1409.308
0
-99.23569
46.83893
-1411.632
-36.19638
46.5169
-1413.994
0
-99.32983
45.96287
-1416.73
-34.8017
45.72934
-1418.669
0
-99.42438
45.08467
-1421.84
-33.4067
44.944
-1423.332
0
-99.51321
44.25968
-1426.904
-32.26276
44.17289
-1428.08
0
-99.59647
43.48545
-1431.92
-31.35215
43.41366
-1432.91
0
-99.67975
42.71102
-1436.939
-30.44156
42.65472
-1437.736
0
-99.76308
41.93631
-1441.961
-29.53089
41.89598
-1442.56
0
-99.84641
41.16141
-1446.985
-28.62024
41.13751
-1447.381
0
-99.92978
40.38623
-1452.013
-27.70951
40.37924
-1452.199
0
-100.0002
39.58273
-1457.063
-26.92305
39.60498
-1456.992
0
-99.987
38.598
-1462.237
-26.93649
38.7261
-1461.642
0
-99.97382
37.6133
-1467.411
-26.94992
37.84727
-1466.291
0
-99.96062
36.62855
-1472.585
-26.96337
36.96842
-1470.941
0
-99.94742
35.64383
-1477.759
-26.97681
36.08962
-1475.59
0
-99.93422
34.65905
-1482.933
-26.99026
35.21079
-1480.24
0
-99.92101
33.67426
-1488.108
-27.00371
34.33197
-1484.889
0
-99.9078
32.68951
-1493.282
-27.01717
33.45321
-1489.538
0
-99.89458
31.70469
-1498.456
-27.03062
32.57441
-1494.188
0
-99.88136
30.71991
-1503.631
-27.04409
31.69567
-1498.837
0
-99.86814
29.73507
-1508.805
-27.05756
30.8169
-1503.486
0
-99.85492
28.75027
-1513.98
-27.07103
29.93818
-1508.135
0
-99.84169
27.76541
-1519.154
-27.0845
29.05944
-1512.784
0
-99.82845
26.78058
-1524.329
-27.09798
28.18074
-1517.433
0
-99.81522
25.7957
-1529.504
-27.11146
27.30202
-1522.082
0
-99.80197
24.81085
-1534.678
-27.12496
26.42335
-1526.731
0
-99.78873
23.82594
-1539.853
-27.13845
25.54465
-1531.38
0
-99.77547
22.84102
-1545.028
-27.15194
24.66596
-1536.029
0
-99.77709
21.8973
-1549.575
-27.18983
23.57577
-1541.269
0
-99.79785
21.00673
-1553.299
-27.26047
22.20725
-1547.285
0
-99.8179
20.11456
-1557.03
-27.3318
20.84043
-1553.294
0
-97.67775
19.91295
-1561.353
-26.04511
20.46027
-1558.049
0
-94.7803
19.95305
-1565.878
-24.28177
20.42677
-1562.37
0
-91.88292
19.99213
-1570.399
-22.51812
20.3943
-1566.695
0
-88.98592
20.03017
-1574.916
-20.75433
20.36287
-1571.024
0
-86.089
20.06718
-1579.429
-18.99023
20.33247
-1575.357
0
-83.19244
20.10315
-1583.938
-17.22599
20.3031
-1579.694
0
-80.29597
20.13809
-1588.443
-15.46144
20.27477
-1584.035
0
-78.80792
20.15916
-1592.903
-14.00715
20.25562
-1588.964
0
-78.69556
20.16767
-1597.309
-12.85576
20.24446
-1594.476
0
-78.58363
20.17651
-1601.698
-11.70387
20.23296
-1600.006
0
-78.47215
20.18567
-1606.068
-10.55159
20.22115
-1605.554
0
-78.36108
20.19516
-1610.421
-9.39883
20.209
-1611.12
0
-78.31128
20.17413
-1614.516
-9.071735
20.17419
-1616.959
0
-78.35164
20.10836
-1618.269
-9.943821
20.10678
-1623.163
0
-78.39436
20.04259
-1622.04
-10.81351
20.0394
-1629.347
0
-78.43941
19.97679
-1625.831
-11.68091
19.97202
-1635.513
0
-78.48682
19.91098
-1629.641
-12.54594
19.90466
-1641.66
0
-78.53658
19.84517
-1633.469
-13.4086
19.83731
-1647.787
0
-78.62181
19.8628
-1638.161
-15.70203
19.85559
-1652.752
0
-78.72284
19.91914
-1643.249
-18.6586
19.91347
-1657.184
0
-78.82393
19.97554
-1648.336
-21.61525
19.97129
-1661.615
0
-78.92509
20.032
-1653.424
-24.57167
20.02906
-1666.047
0
-79.02634
20.08851
-1658.513
-27.52818
20.08677
-1670.477
0
-79.12764
20.14508
-1663.601
-30.48447
20.14441
-1674.908
0
-79.22901
20.20171
-1668.69
-33.44083
20.20201
-1679.338
0
-79.48091
20.20325
-1674.032
-34.13665
20.20336
-1683.944
0
-79.73581
20.20336
-1679.375
-34.77474
20.20326
-1688.56
0
-79.98979
20.20346
-1684.711
-35.41376
20.20317
-1693.183
0
-80.24283
20.20356
-1690.04
-36.05367
20.20307
-1697.813
0
-80.49496
20.20366
-1695.363
-36.69454
20.20298
-1702.448
0
-80.74615
20.20376
-1700.679
-37.3363
20.20288
-1707.091
0
-80.99642
20.20385
-1705.989
-37.97903
20.2028
-1711.74
0
-81.24576
20.20395
-1711.292
-38.62264
20.20271
-1716.396
0
-81.49419
20.20404
-1716.589
-39.26721
20.20262
-1721.058
0
-81.74167
20.20413
-1721.879
-39.91268
20.20254
-1725.727
0
-81.98824
20.20421
-1727.162
-40.5591
20.20246
-1730.402
0
-82.23388
20.2043
-1732.439
-41.20642
20.20238
-1735.084
0
-82.45876
20.20434
-1737.693
-41.78851
20.20235
-1739.794
0
-82.54839
20.20412
-1742.832
-41.92114
20.20264
-1744.652
0
-82.63799
20.2039
-1747.969
-42.05379
20.20294
-1749.511
0
-82.72757
20.20368
-1753.106
-42.18643
20.20323
-1754.369
0
-82.81715
20.20346
-1758.243
-42.31909
20.20353
-1759.229
0
-82.90202
20.20329
-1763.352
-42.44378
20.20376
-1764.117
0
-82.966
20.2033
-1768.334
-42.53288
20.20376
-1769.132
0
-83.02998
20.20331
-1773.317
-42.62196
20.20376
-1774.147
0
-83.09397
20.20332
-1778.299
-42.71106
20.20377
-1779.162
0
-83.15796
20.20332
-1783.282
-42.80016
20.20377
-1784.177
0
-83.22195
20.20333
-1788.265
-42.88925
20.20377
-1789.193
0
-83.28593
20.20334
-1793.248
-42.97835
20.20377
-1794.208
0
-83.34992
20.20335
-1798.23
-43.06743
20.20377
-1799.222
0
-83.41391
20.20336
-1803.213
-43.15652
20.20377
-1804.237
0
-83.4779
20.20337
-1808.196
-43.24562
20.20377
-1809.252
0
-83.54189
20.20338
-1813.178
-43.33471
20.20377
-1814.267
0
-83.60587
20.20339
-1818.161
-43.4238
20.20377
-1819.282
0
-83.66987
20.20339
-1823.144
-43.51289
20.20377
-1824.297
0
-83.73386
20.20341
-1828.127
-43.60197
20.20377
-1829.312
0
-83.79785
20.20341
-1833.109
-43.69106
20.20377
-1834.327
0
-83.86183
20.20342
-1838.092
-43.78015
20.20377
-1839.341
0
-83.92583
20.20343
-1843.075
-43.86924
20.20377
-1844.356
0
-84.0544
20.19951
-1847.8
-44.08619
20.19486
-1849.623
0
-84.23256
20.19257
-1852.327
-44.40121
20.17911
-1855.083
0
-84.41075
20.18563
-1856.854
-44.71618
20.16337
-1860.543
0
-84.58898
20.17869
-1861.381
-45.03107
20.14762
-1866.001
0
-84.76727
20.17174
-1865.909
-45.34595
20.13189
-1871.46
0
-84.94561
20.16479
-1870.437
-45.66079
20.11615
-1876.919
0
-85.12399
20.15784
-1874.965
-45.97557
20.10042
-1882.377
0
-85.30241
20.15088
-1879.494
-46.29028
20.08469
-1887.834
0
-85.82043
20.09232
-1883.472
-47.37577
20.03469
-1893.586
0
-87.04617
19.9257
-1886.292
-50.07686
19.91304
-1899.957
0
-88.26778
19.75897
-1889.102
-52.78209
19.79151
-1906.338
0
-89.48524
19.59211
-1891.903
-55.49148
19.67009
-1912.728
0
-91.14247
19.42676
-1894.581
-58.85347
19.52778
-1918.469
0
-93.75078
19.26463
-1897.024
-63.58847
19.34086
-1922.803
0
-96.37141
19.10235
-1899.48
-68.31115
19.1541
-1927.125
0
-99.00435
18.93992
-1901.949
-73.02151
18.96749
-1931.434
0
-101.9006
18.78219
-1904.538
-77.73849
18.79061
-1935.29
0
-105.2821
18.63336
-1907.34
-82.47812
18.63178
-1938.313
0
-108.6786
18.48438
-1910.151
-87.20272
18.4731
-1941.326
0
-112.0901
18.33525
-1912.974
-91.91229
18.31456
-1944.329
0
-115.5164
18.18599
-1915.806
-96.60639
18.15619
-1947.322
0
-119.0097
18.04596
-1918.659
-101.2446
18.00886
-1950.28
0
-123.0874
18.01088
-1921.64
-105.414
17.98354
-1952.952
0
-127.1646
17.97589
-1924.621
-109.5841
17.95814
-1955.625
0
-131.2413
17.94098
-1927.601
-113.7546
17.93265
-1958.297
0
-135.317
17.90615
-1930.581
-117.9253
17.90709
-1960.97
0
-139.3926
17.8714
-1933.561
-122.0969
17.88144
-1963.644
0
-143.4497
17.84285
-1936.543
-126.2719
17.86326
-1966.336
0
-147.2655
17.897
-1939.572
-130.4845
17.94696
-1969.266
0
-151.0829
17.95138
-1942.602
-134.6945
18.03041
-1972.194
0
-154.9029
18.00601
-1945.633
-138.9029
18.11363
-1975.122
0
-158.7249
18.06088
-1948.665
-143.1092
18.19661
-1978.049
0
-162.549
18.11599
-1951.698
-147.3134
18.27935
-1980.974
0
-166.3861
18.23604
-1954.734
-151.5037
18.40576
-1983.893
0
-170.243
18.46658
-1957.774
-155.6717
18.60732
-1986.801
0
-174.1018
18.69693
-1960.815
-159.8386
18.80911
-1989.709
0
-177.9622
18.92706
-1963.856
-164.004
19.01112
-1992.615
0
-181.8241
19.15697
-1966.899
-168.1678
19.21334
-1995.521
0
-186.1515
19.35167
-1967.99
-172.8831
19.39124
-1998.589
0
-190.4892
19.5412
-1968.708
-177.7692
19.5638
-2001.715
0
-194.7485
19.73186
-1969.394
-182.7338
19.73523
-2004.871
0
-199.0077
19.82608
-1969.368
-188.0177
19.81932
-2007.656
0
-203.2195
19.82608
-1968.648
-193.6572
19.81969
-2010.084
0
-207.2658
19.82729
-1968.254
-199.4296
19.82173
-2012.359
0
-211.1794
19.83001
-1968.292
-205.2929
19.82584
-2014.417
0
-215.5501
19.82883
-1968.776
-210.711
19.8249
-2015.973
0
-220.0995
19.82622
-1969.425
-215.9548
19.82208
-2017.342
0
-223.3772
19.8968
-1969.539
-222.6415
19.97556
-2017.693
0
-226.4343
19.97894
-1969.566
-229.5779
20.15489
-2017.877
0
-228.6768
20.01573
-1969.291
-237.099
20.21758
-2016.757
0
-230.0485
20.00733
-1968.731
-245.2582
20.16142
-2014.293
0
-231.3421
19.99951
-1968.2
-253.4946
20.10469
-2011.801
0
-232.5171
19.98369
-1967.736
-261.5038
20.04959
-2008.776
0
-233.3676
19.88185
-1967.528
-266.2868
20.01525
-2000.725
0
-234.4555
19.78323
-1967.043
-270.8323
19.97769
-1992.95
0
-235.7809
19.68782
-1966.281
-275.1404
19.93692
-1985.451
0
-238.202
19.49224
-1963.402
-276.6358
19.65604
-1979.149
0
-240.6935
19.29039
-1960.353
-278.0217
19.37355
-1972.994
0
-242.8993
19.09142
-1956.881
-279.1798
19.15833
-1967.084
0
-244.5919
18.90385
-1952.865
-280.0287
19.04403
-1961.435
0
-246.2948
18.71878
-1948.805
-280.867
18.92726
-1955.829
0
-247.5137
18.60383
-1944.713
-281.5068
18.76842
-1950.121
0
-248.344
18.54166
-1940.598
-281.992
18.57912
-1944.327
0
-249.1776
18.47747
-1936.457
-282.474
18.39184
-1938.559
0
-249.1609
18.42728
-1932.603
-282.2755
18.30852
-1932.419
0
-249.1304
18.37727
-1928.75
-282.0667
18.22689
-1926.277
0
-249.0998
18.3272
-1924.892
-281.8579
18.14532
-1920.14
0
-248.2268
18.34124
-1920.998
-280.6088
18.18573
-1914.333
0
-247.038
18.37932
-1917.094
-278.9684
18.27198
-1908.648
0
-245.8499
18.41734
-1913.191
-277.3277
18.35827
-1902.962
0
-244.6621
18.45532
-1909.291
-275.6862
18.44462
-1897.273
0
-242.3656
18.69631
-1905.604
-273.3069
18.73408
-1892.158
0
-239.9769
18.95503
-1901.956
-270.8516
19.04277
-1887.078
0
-237.5975
19.21293
-1898.327
-268.3875
19.35222
-1881.978
0
-235.2833
19.32824
-1894.84
-265.7212
19.50106
-1876.803
0
-233.0119
19.37122
-1891.437
-262.9428
19.56845
-1871.576
0
-230.7534
19.41407
-1888.054
-260.1478
19.63592
-1866.331
0
-228.1106
19.49111
-1884.026
-257.1037
19.66019
-1862.136
0
-225.4666
19.56784
-1879.997
-254.0613
19.68476
-1857.942
0
-222.8211
19.64427
-1875.965
-251.02
19.70964
-1853.75
0
-220.0011
19.73545
-1872.016
-248.0024
19.75958
-1849.589
0
-216.5724
19.87953
-1868.365
-245.0645
19.89652
-1845.535
0
-213.1441
20.02373
-1864.715
-242.1267
20.03332
-1841.482
0
-209.7156
20.16807
-1861.064
-239.1886
20.17
-1837.427
0
-206.7615
20.12672
-1857.748
-235.7403
20.12519
-1833.066
0
-203.9711
20.02361
-1854.55
-232.1166
20.02003
-1828.596
0
-201.1874
19.92051
-1851.359
-228.4862
19.91487
-1824.119
0
-198.274
19.83603
-1848.087
-224.9247
19.82871
-1819.778
0
-194.7422
19.83594
-1844.413
-221.7027
19.8288
-1816.078
0
-191.2095
19.83585
-1840.739
-218.4817
19.8289
-1812.378
0
-187.676
19.83576
-1837.064
-215.2615
19.829
-1808.68
0
-184.1158
19.8585
-1833.395
-212.0274
19.85162
-1805.016
0
-180.4889
19.93844
-1829.74
-208.7564
19.93063
-1801.434
0
-176.8609
20.01838
-1826.083
-205.4864
20.00964
-1797.854
0
-173.2318
20.09834
-1822.426
-202.2175
20.08865
-1794.274
0
-169.602
20.17828
-1818.767
-198.95
20.16765
-1790.696
0
-165.9981
20.24899
-1815.135
-195.6559
20.23764
-1787.091
0
-162.8443
20.16789
-1811.958
-191.9111
20.1598
-1783.032
0
-159.6946
20.08676
-1808.785
-188.1622
20.08197
-1778.969
0
-156.5491
20.00562
-1805.616
-184.4091
20.00417
-1774.902
0
-153.3023
19.98957
-1802.358
-180.7304
19.9899
-1770.954
0
-149.628
20.23743
-1798.723
-177.3671
20.23307
-1767.503
0
-145.9532
20.4853
-1795.088
-174.0042
20.47624
-1764.052
0
-142.2779
20.73319
-1791.452
-170.6419
20.7194
-1760.602
0
-138.6026
20.98105
-1787.817
-167.2803
20.96253
-1757.153
0
-134.939
21.23695
-1784.185
-163.9096
21.21387
-1753.697
0
-131.4261
21.58848
-1780.603
-160.4284
21.56311
-1750.167
0
-127.9131
21.94
-1777.021
-156.9472
21.91234
-1746.638
0
-124.4002
22.29152
-1773.439
-153.4659
22.26158
-1743.108
0
-120.8877
22.64301
-1769.858
-149.985
22.61078
-1739.579
0
-117.3748
22.99453
-1766.276
-146.5038
22.96002
-1736.049
0
-113.8619
23.34605
-1762.695
-143.0225
23.30926
-1732.52
0
-110.3468
23.59746
-1759.005
-139.5855
23.55379
-1729.042
0
-106.8311
23.77854
-1755.241
-136.1792
23.72483
-1725.6
0
-103.3158
23.95961
-1751.477
-132.7719
23.89592
-1722.158
0
-99.85191
24.13915
-1747.775
-129.2947
24.06914
-1718.671
0
-96.84066
24.30542
-1744.624
-125.1987
24.26106
-1714.799
0
-93.8253
24.47179
-1741.469
-121.1075
24.45284
-1710.93
0
-90.80524
24.6383
-1738.309
-117.0204
24.64452
-1707.065
0
-87.99245
24.79241
-1735.518
-112.6226
24.81059
-1702.944
1
-86.1004
24.90378
-1734.092
-106.9401
24.88555
-1697.844
1
-84.49799
25.01723
-1732.765
-100.9679
24.95843
-1692.647
1
-83.18533
25.13273
-1731.535
-94.70679
25.02922
-1687.353
1
-82.16216
25.25033
-1730.403
-88.15543
25.09795
-1681.96
1
-81.42861
25.37
-1729.369
-81.31441
25.16461
-1676.47
1
-75.00876
24.59502
-1723.955
-80.5016
24.41385
-1675.198
1
-67.54274
23.63132
-1717.712
-80.80803
23.48954
-1674.722
1
-60.28747
22.66846
-1711.589
-80.90301
22.56421
-1674.126
1
-53.24369
21.70651
-1705.586
-80.78649
21.63795
-1673.41
1
-46.41141
20.7455
-1699.703
-80.45849
20.71077
-1672.574
1
-39.94077
19.82946
-1693.975
-79.89466
19.82541
-1671.483
1
-36.95455
19.90912
-1689.047
-78.68942
19.90558
-1667.336
1
-33.95005
19.98877
-1684.08
-77.50204
19.98578
-1663.226
1
-30.92757
20.06839
-1679.074
-76.33264
20.06599
-1659.155
1
-27.8871
20.14801
-1674.03
-75.18124
20.14622
-1655.123
1
-25.52603
20.19546
-1668.785
-74.47689
20.1942
-1651.017
0
-24.76058
20.16895
-1663.132
-74.76848
20.16794
-1646.682
0
-23.99145
20.14243
-1657.452
-75.06373
20.14168
-1642.375
0
-23.21867
20.11591
-1651.745
-75.36266
20.11543
-1638.094
0
-22.44221
20.08939
-1646.01
-75.66525
20.08918
-1633.841
0
-21.66216
20.06286
-1640.248
-75.97147
20.06293
-1629.616
0
-20.87836
20.03632
-1634.459
-76.28139
20.0367
-1625.418
0
-20.0909
20.00978
-1628.642
-76.59499
20.01046
-1621.247
0
-19.29977
19.98324
-1622.798
-76.91225
19.98423
-1617.104
0
-18.50505
19.95669
-1616.927
-77.23315
19.95801
-1612.988
0
-17.70659
19.93014
-1611.028
-77.55775
19.93179
-1608.899
0
-16.90446
19.90358
-1605.102
-77.88601
19.90557
-1604.838
0
-16.09865
19.87702
-1599.149
-78.21794
19.87936
-1600.803
0
-15.28926
19.85046
-1593.168
-78.55351
19.85315
-1596.797
0
-14.47612
19.82388
-1587.16
-78.89279
19.82695
-1592.818
0
-16.03567
19.90762
-1582.515
-80.30884
19.97688
-1587.993
0
-17.86785
20.00436
-1578.026
-81.84808
20.14669
-1583.072
0
-19.70016
20.10146
-1573.536
-83.38721
20.31612
-1578.153
0
-21.53243
20.19893
-1569.043
-84.92604
20.48517
-1573.237
0
-23.36501
20.29677
-1564.549
-86.46488
20.65387
-1568.322
0
-25.19773
20.39497
-1560.052
-88.00359
20.8222
-1563.409
0
-27.03059
20.49355
-1555.553
-89.54217
20.99017
-1558.498
0
-27.68365
21.24753
-1550.513
-91.41652
21.50766
-1554.011
0
-27.52398
22.46841
-1545.066
-93.5205
22.25327
-1549.849
0
-27.36797
23.70664
-1539.578
-95.62082
22.98152
-1545.729
0
-27.21563
24.96223
-1534.048
-97.71746
23.69242
-1541.649
0
-27.06695
26.23519
-1528.478
-99.81045
24.38595
-1537.611
0
-27.11906
27.156
-1523.517
-99.80469
25.31213
-1532.749
0
-27.17495
28.07005
-1518.569
-99.75908
26.24297
-1527.871
0
-27.23083
28.98413
-1513.62
-99.71349
27.1738
-1522.992
0
-27.28669
29.89822
-1508.672
-99.66791
28.1046
-1518.113
0
-27.34253
30.81225
-1503.724
-99.62233
29.0353
-1513.234
0
-27.39837
31.72638
-1498.775
-99.57678
29.96607
-1508.355
0
-27.48092
32.63142
-1493.871
-99.53459
30.89992
-1503.432
0
-27.86911
33.43289
-1489.468
-99.53052
31.86859
-1498.001
0
-28.25762
34.23526
-1485.06
-99.52611
32.83618
-1492.577
0
-28.64651
35.0387
-1480.644
-99.52135
33.80288
-1487.159
0
-29.03575
35.84311
-1476.223
-99.51624
34.76861
-1481.746
0
-29.42533
36.6485
-1471.796
-99.51077
35.73336
-1476.34
0
-29.81527
37.45487
-1467.362
-99.50497
36.69713
-1470.94
0
-30.20551
38.26213
-1462.923
-99.49882
37.65983
-1465.546
0
-30.59615
39.07046
-1458.478
-99.49232
38.62165
-1460.158
0
-30.98714
39.87977
-1454.026
-99.48546
39.58248
-1454.776
0
-31.37847
40.69005
-1449.568
-99.47826
40.54234
-1449.4
0
-31.77011
41.50123
-1445.105
-99.4707
41.50112
-1444.031
0
-32.591
42.27639
-1440.377
-99.46695
42.34996
-1438.935
0
-33.73041
43.0245
-1435.456
-99.46622
43.11733
-1434.038
0
-34.86982
43.77296
-1430.534
-99.46547
43.88435
-1429.142
0
-36.00923
44.52179
-1425.613
-99.46474
44.65101
-1424.246
0
-37.14853
45.27089
-1420.692
-99.46399
45.41725
-1419.35
0
-38.28793
46.02043
-1415.771
-99.46326
46.18319
-1414.454
0
-39.42734
46.77032
-1410.849
-99.46252
46.94879
-1409.557
0
-40.91381
47.51021
-1405.868
-99.46157
47.67545
-1404.772
0
-43.01659
48.23036
-1400.791
-99.46049
48.33477
-1400.172
0
-45.11923
48.94854
-1395.73
-99.45976
48.9962
-1395.555
0
-47.22151
49.66469
-1390.685
-99.4594
49.65965
-1390.922
0
-49.32344
50.3788
-1385.657
-99.45938
50.32515
-1386.272
0
-51.42502
51.09087
-1380.645
-99.4597
50.99269
-1381.607
0
-53.52604
51.80083
-1375.649
-99.4604
51.6622
-1376.926
0
-55.62691
52.50882
-1370.669
-99.46143
52.33381
-1372.228
0
-57.72743
53.21478
-1365.706
-99.46281
53.00746
-1367.514
0
-59.8276
53.9187
-1360.758
-99.46456
53.68314
-1362.783
0
-61.9272
54.62051
-1355.828
-99.46666
54.36081
-1358.037
0
-63.54902
55.28147
-1351.129
-99.45483
55.0585
-1352.994
0
-63.90795
55.83991
-1347.002
-99.406
55.80337
-1347.213
0
-64.26591
56.39986
-1342.86
-99.35812
56.54673
-1341.445
0
-64.62289
56.96125
-1338.706
-99.3112
57.28852
-1335.691
0
-64.97896
57.52421
-1334.538
-99.26524
58.02887
-1329.95
0
-65.33405
58.08868
-1330.357
-99.22024
58.76772
-1324.222
0
-64.34367
58.594
-1325.86
-99.17395
59.40585
-1318.971
0
-61.50185
59.01556
-1320.896
-99.12866
59.90813
-1314.407
0
-58.65493
59.43581
-1315.864
-99.08876
60.41161
-1309.911
0
-55.80237
59.85486
-1310.763
-99.05421
60.9164
-1305.483
0
-52.94444
60.27265
-1305.595
-99.02504
61.42243
-1301.123
0
-50.08113
60.68919
-1300.358
-99.00124
61.92972
-1296.832
0
-47.21275
61.10444
-1295.054
-98.98279
62.43821
-1292.608
0
-44.33872
61.51848
-1289.681
-98.96973
62.94801
-1288.453
0
-41.45931
61.93126
-1284.24
-98.96201
63.45905
-1284.365
0
-38.57454
62.3428
-1278.731
-98.95969
63.97135
-1280.346
0
-35.99859
62.77684
-1273.261
-98.97015
64.47192
-1276.226
0
-35.06901
63.33639
-1268.324
-99.02201
64.90347
-1271.252
0
-34.13923
63.89835
-1263.389
-99.07394
65.3327
-1266.277
0
-33.20938
64.46266
-1258.455
-99.12598
65.75958
-1261.3
0
-32.27944
65.02933
-1253.522
-99.1781
66.18411
-1256.322
0
-31.34949
65.59829
-1248.59
-99.23031
66.60625
-1251.343
0
-30.41937
66.16966
-1243.66
-99.28261
67.02608
-1246.363
0
-29.48915
66.74338
-1238.731
-99.33499
67.44354
-1241.381
0
-28.55885
67.31946
-1233.803
-99.38747
67.85866
-1236.397
0
-27.62855
67.89784
-1228.877
-99.44003
68.27138
-1231.413
0
-27.27386
68.33653
-1223.981
-99.46045
68.63657
-1226.359
0
-27.2835
68.68575
-1219.104
-99.46048
68.97268
-1221.261
0
-27.29313
69.03497
-1214.226
-99.46051
69.30881
-1216.163
0
-27.30277
69.3842
-1209.349
-99.46054
69.64493
-1211.065
0
-27.3124
69.73338
-1204.472
-99.46057
69.98102
-1205.967
0
-27.32204
70.0826
-1199.594
-99.4606
70.31715
-1200.869
0
-27.33167
70.43182
-1194.717
-99.46063
70.65327
-1195.771
0
-27.34131
70.78104
-1189.839
-99.46066
70.98941
-1190.673
0
-27.35095
71.13021
-1184.962
-99.46069
71.32551
-1185.576
0
-27.36059
71.47942
-1180.085
-99.46072
71.66164
-1180.478
0
-27.37023
71.82864
-1175.207
-99.46074
71.99778
-1175.38
0
-27.37986
72.17783
-1170.329
-99.46077
72.33392
-1170.282
0
-27.3895
72.52704
-1165.452
-99.4608
72.67006
-1165.184
0
-27.39914
72.87621
-1160.574
-99.46083
73.00617
-1160.087
0
-27.40878
73.22541
-1155.697
-99.46085
73.34231
-1154.99
0
-27.41841
73.57461
-1150.819
-99.46088
73.67846
-1149.892
0
-27.42805
73.92381
-1145.941
-99.46091
74.01461
-1144.794
0
-27.43769
74.27296
-1141.064
-99.46094
74.35072
-1139.697
0
-27.44733
74.62215
-1136.186
-99.46097
74.68688
-1134.599
0
-27.4283
74.85336
-1131.172
-99.48248
74.91175
-1129.625
0
-27.40094
75.05023
-1126.118
-99.51024
75.10426
-1124.688
0
-27.37358
75.24712
-1121.065
-99.538
75.29678
-1119.75
0
-27.34622
75.44398
-1116.011
-99.56577
75.48926
-1114.813
0
-27.31885
75.64088
-1110.958
-99.59354
75.68176
-1109.875
0
-27.29149
75.83778
-1105.904
-99.62129
75.87424
-1104.938
0
-27.26412
76.03467
-1100.849
-99.64906
76.06674
-1100
0
-27.23676
76.23155
-1095.796
-99.67683
76.25922
-1095.064
0
-27.20939
76.42846
-1090.742
-99.70459
76.4517
-1090.126
0
-27.18202
76.62537
-1085.687
-99.73236
76.64418
-1085.189
0
-27.15465
76.82227
-1080.633
-99.76014
76.83666
-1080.252
0
-27.12728
77.01917
-1075.579
-99.7879
77.02912
-1075.316
0
-27.09991
77.21609
-1070.524
-99.81567
77.2216
-1070.379
0
-27.07253
77.41301
-1065.47
-99.84345
77.41406
-1065.442
0
-27.10705
77.48344
-1060.376
-99.80852
77.48009
-1060.539
0
-27.16109
77.51398
-1055.271
-99.75381
77.50625
-1055.645
0
-27.21511
77.5445
-1050.166
-99.69912
77.5324
-1050.752
0
-27.26914
77.57502
-1045.061
-99.64442
77.55857
-1045.858
0
-27.32316
77.60555
-1039.957
-99.58972
77.58475
-1040.964
0
-27.37719
77.63605
-1034.853
-99.53503
77.61093
-1036.069
0
-27.4312
77.66655
-1029.749
-99.48035
77.63712
-1031.174
0
-27.44928
77.66293
-1024.911
-99.46195
77.63165
-1026.014
0
-27.44928
77.64213
-1020.207
-99.46181
77.61025
-1020.719
0
-27.44928
77.62133
-1015.502
-99.46166
77.58886
-1015.425
0
-27.44928
77.60054
-1010.798
-99.46152
77.56747
-1010.13
0
-27.44928
77.57974
-1006.094
-99.46138
77.54608
-1004.836
0
-27.4493
77.55894
-1001.389
-99.46123
77.52469
-999.5419
0
-27.4493
77.53816
-996.6852
-99.46108
77.5033
-994.2472
0
-27.4493
77.51736
-991.981
-99.46094
77.4819
-988.9525
0
-27.44915
77.49651
-987.2758
-99.46095
77.46047
-983.6598
0
-27.39732
77.45615
-982.037
-99.51393
77.42489
-978.8998
0
-27.34547
77.41579
-976.7976
-99.56693
77.38931
-974.1404
0
-27.29361
77.37542
-971.5577
-99.61993
77.35372
-969.3815
0
-27.24174
77.33504
-966.3175
-99.67296
77.31817
-964.6238
0
-27.18985
77.29466
-961.0763
-99.726
77.28261
-959.8662
0
-27.13793
77.25427
-955.8344
-99.77906
77.24704
-955.1093
0
-27.08601
77.21387
-950.592
-99.83214
77.21149
-950.353
0
-27.06059
77.06113
-945.4764
-99.85809
77.06113
-945.4766
0
-27.06071
76.80009
-940.4843
-99.85788
76.80009
-940.4844
0
-27.06084
76.53903
-935.4915
-99.85767
76.53903
-935.4916
0
-27.06097
76.27797
-930.4989
-99.85747
76.27797
-930.4989
0
-27.06111
76.01691
-925.5062
-99.85725
76.01691
-925.5062
0
-27.06124
75.75588
-920.514
-99.85706
75.75587
-920.514
0
-27.06137
75.49482
-915.5213
-99.85684
75.4948
-915.5213
0
-27.0615
75.23376
-910.5286
-99.85664
75.23374
-910.5286
0
-27.06163
74.97269
-905.5359
-99.85643
74.97268
-905.5358
0
-27.06176
74.71163
-900.5433
-99.85622
74.71162
-900.5432
0
-27.06189
74.4506
-895.5511
-99.85601
74.45058
-895.551
0
-27.06202
74.18954
-890.5583
-99.8558
74.18952
-890.5582
0
-27.06215
73.92847
-885.5657
-99.8556
73.92846
-885.5656
0
-27.06228
73.66741
-880.573
-99.85539
73.6674
-880.5729
0
-27.06241
73.40639
-875.5808
-99.85518
73.40636
-875.5806
0
-27.06254
73.14532
-870.5881
-99.85498
73.14529
-870.5879
0
-27.06267
72.88426
-865.5955
-99.85477
72.88423
-865.5952
0
-27.06281
72.6232
-860.6027
-99.85456
72.62317
-860.6025
0
-27.06293
72.36216
-855.6105
-99.85435
72.36213
-855.6103
0
-27.06306
72.1011
-850.6179
-99.85415
72.10107
-850.6176
0
-27.0632
71.84004
-845.6252
-99.85394
71.84001
-845.6248
0
-27.06333
71.57898
-840.6325
-99.85373
71.57895
-840.6321
0
-27.06346
71.31792
-835.6398
-99.85353
71.31789
-835.6395
0
-27.06359
71.05688
-830.6476
-99.85332
71.05684
-830.6472
0
-27.06372
70.79582
-825.6549
-99.85311
70.79578
-825.6545
0
-27.06385
70.53477
-820.6623
-99.85291
70.53472
-820.6618
0
-27.06398
70.2737
-815.6696
-99.8527
70.27366
-815.6691
0
-27.06618
70.00805
-810.6736
-99.85043
70.00863
-810.6812
0
-27.18564
69.48136
-805.4692
-99.73134
69.51795
-805.9385
0
-27.30508
68.95478
-800.2663
-99.61226
69.02715
-801.1943
0
-27.42451
68.42832
-795.0648
-99.49319
68.53625
-796.4486
0
-27.45853
67.94373
-790.0623
-99.45949
68.05782
-791.4987
0
-27.45886
67.47564
-785.1382
-99.45943
67.58439
-786.4692
0
-27.4592
67.00751
-780.2137
-99.45937
67.11091
-781.4391
0
-27.45953
66.53939
-775.2892
-99.45932
66.63743
-776.409
0
-27.45986
66.07127
-770.3647
-99.45926
66.16395
-771.379
0
-27.46019
65.60318
-765.4407
-99.4592
65.69052
-766.3494
0
-27.45937
65.11156
-760.521
-99.45917
65.18834
-761.3197
0
-27.45817
64.61256
-755.6028
-99.45914
64.67715
-756.2902
0
-27.45698
64.11356
-750.6846
-99.45911
64.16595
-751.2606
0
-27.45579
63.61456
-745.7664
-99.45908
63.65477
-746.2311
0
-27.45459
63.11561
-740.8486
-99.45905
63.14362
-741.202
0
-27.45392
62.59599
-735.9157
-99.45913
62.61592
-736.191
0
-27.45421
62.03767
-730.9553
-99.45941
62.05722
-731.2151
0
-27.45452
61.47935
-725.9949
-99.45967
61.49853
-726.2391
0
-27.45481
60.92108
-721.035
-99.45995
60.93989
-721.2636
0
-27.45073
60.35317
-716.009
-99.46452
60.38853
-716.3535
0
-27.41989
59.72656
-710.5815
-99.49532
59.88214
-711.8463
0
-27.38912
59.09977
-705.1527
-99.52605
59.37593
-707.3405
0
-27.35843
58.47287
-699.7231
-99.55672
58.86995
-702.8365
0
-27.3278
57.84572
-694.2915
-99.58731
58.36409
-698.3334
0
-27.29724
57.21839
-688.8586
-99.61783
57.85842
-693.8317
0
-27.26675
56.59088
-683.4243
-99.64828
57.35293
-689.3314
0
-27.23633
55.9632
-677.9886
-99.67867
56.84761
-684.8325
0
-27.96127
55.36263
-673.9362
-99.64098
55.98819
-679.0228
0
-28.81289
54.76262
-670.0873
-99.59109
55.0736
-673.0207
0
-29.66545
54.15842
-666.2098
-99.54027
54.16321
-667.0472
0
-30.51894
53.55002
-662.3037
-99.4885
53.25702
-661.1023
0
-32.0923
52.84867
-657.7606
-99.48039
52.47172
-655.9106
0
-34.3082
52.06907
-652.6783
-99.51218
51.78935
-651.36
0
-36.52376
51.29231
-647.6117
-99.54433
51.10415
-646.7938
0
-38.73895
50.51838
-642.5609
-99.57683
50.41611
-642.2119
0
-40.95378
49.74729
-637.5258
-99.6097
49.72525
-637.6141
0
-43.16805
48.9791
-632.5068
-99.64291
49.03161
-633.0012
0
-45.38216
48.21368
-627.5032
-99.67649
48.33506
-628.3719
0
-47.59592
47.45109
-622.5153
-99.71043
47.63568
-623.7271
0
-49.80932
46.69134
-617.5431
-99.74473
46.93348
-619.0664
0
-52.02215
45.9345
-612.5872
-99.77938
46.2285
-614.3905
0
-54.23483
45.18041
-607.6464
-99.81439
45.52061
-609.6984
0
-56.44715
44.42917
-602.7215
-99.84977
44.8099
-604.9905
0
-58.65911
43.68076
-597.8123
-99.8855
44.09634
-600.267
0
-60.87051
42.93525
-592.9192
-99.92159
43.38002
-595.5281
0
-63.08176
42.19251
-588.0414
-99.95804
42.6608
-590.773
0
-63.58553
41.3786
-583.4614
-99.67838
41.72738
-585.5766
0
-63.56147
40.54113
-578.9648
-99.30158
40.72936
-580.2521
0
-63.53676
39.7025
-574.4624
-98.92545
39.73251
-574.9336
0
-63.5114
38.86279
-569.9544
-98.54999
38.73693
-569.6216
0
-63.48538
38.02183
-565.4399
-98.17516
37.74241
-564.3151
0
-63.45872
37.1797
-560.9195
-97.80097
36.74906
-559.0146
0
-63.4314
36.33641
-556.3931
-97.42744
35.75688
-553.7201
0
-63.40343
35.49203
-551.8611
-97.05459
34.76595
-548.4321
0
-63.37482
34.6464
-547.3226
-96.68236
33.7761
-543.1496
0
-63.34554
33.79961
-542.7781
-96.31078
32.78742
-537.8731
0
-63.31562
32.95164
-538.2277
-95.93986
31.7999
-532.6026
0
-63.28505
32.10252
-533.6713
-95.56958
30.81355
-527.3381
0
-63.25383
31.25231
-529.1093
-95.2
29.82846
-522.0801
0
-63.22195
30.40085
-524.5408
-94.83102
28.84444
-516.8276
0
-63.18942
29.54823
-519.9664
-94.46269
27.86159
-511.5811
0
-63.0386
28.69497
-515.4088
-94.07842
26.87852
-506.3586
0
-58.86438
27.85986
-511.6237
-93.12837
25.84843
-501.7637
0
-54.68665
27.02544
-507.8269
-92.18133
24.81747
-497.1796
0
-50.50581
26.19179
-504.0189
-91.2374
23.78573
-492.6068
0
-46.32187
25.35891
-500.1997
-90.29657
22.75323
-488.0451
0
-42.13522
24.52688
-496.3695
-89.35895
21.72006
-483.4952
0
-38.36267
23.61736
-492.1839
-88.55628
20.73449
-479.1514
0
-38.06544
22.05728
-485.1301
-88.85347
20.15213
-476.4384
0
-37.76822
20.49722
-478.0764
-89.15066
19.56976
-473.7255
0
-37.47099
18.93715
-471.0226
-89.44785
18.98739
-471.0125
0
-37.45943
17.81847
-465.8356
-89.45939
17.98957
-466.4281
0
-37.45943
16.7175
-460.7234
-89.45938
16.97486
-461.7676
0
-37.45942
15.61651
-455.6111
-89.45937
15.96019
-457.1073
0
-37.45943
14.5155
-450.4987
-89.45935
14.94553
-452.4471
0
-37.45943
13.41458
-445.3867
-89.45934
13.93099
-447.7874
0
-37.45944
12.32419
-440.2884
-89.45931
12.91901
-443.1104
0
-37.45953
11.48586
-435.5308
-89.45934
11.9692
-438.03
0
-37.45963
10.6475
-430.7731
-89.45936
11.01942
-432.9498
0
-37.45974
9.844875
-426.0692
-89.4594
10.10347
-427.8043
0
-37.45988
9.14931
-421.5263
-89.45947
9.288743
-422.4638
0
-37.46003
8.453642
-416.9828
-89.45953
8.473976
-417.123
0
-37.46011
7.873485
-412.2677
-89.45956
7.981136
-411.899
0
-37.46016
7.317924
-407.5161
-89.45956
7.556877
-406.6999
0
-37.4602
6.942366
-402.6548
-89.45958
7.251781
-401.5982
0
-37.46019
7.037426
-397.5045
-89.45958
7.258177
-396.75
0
-37.46018
7.132478
-392.3542
-89.45958
7.264579
-391.9018
0
-37.46017
7.227525
-387.2039
-89.45957
7.270987
-387.0535
0
-37.46016
7.347919
-381.9049
-89.45958
7.323428
-382.3552
0
-37.46016
7.493397
-376.4591
-89.45958
7.42138
-377.8059
0
-37.46017
7.63891
-371.0124
-89.45958
7.51932
-373.2566
0
-37.46013
8.050824
-366.1993
-89.59331
7.962421
-368.1268
0
-37.46
8.712046
-361.9859
-89.85242
8.729475
-362.4471
0
-37.45985
9.372682
-357.7802
-90.11151
9.496974
-356.7607
0
-37.4597
10.03286
-353.5813
-90.37064
10.26507
-351.0665
0
-37.45954
11.01146
-348.5016
-90.10648
11.2554
-346.347
0
-37.45945
11.99515
-343.41
-89.83398
12.24918
-341.6408
0
-37.45943
12.97881
-338.3209
-89.56145
13.24279
-336.9332
0
-37.41177
14.07465
-333.112
-89.507
14.23532
-332.3653
0
-37.30656
15.22867
-327.8559
-89.61221
15.22935
-327.8558
0
-36.81002
16.2575
-322.962
-90.10868
16.25768
-322.9645
0
-36.31348
17.28633
-318.0682
-90.60515
17.28601
-318.0732
0
-35.81698
18.31508
-313.1747
-91.10158
18.31424
-313.1825
0
-35.32044
19.34394
-308.2807
-91.59805
19.34254
-308.2914
0
-34.82389
20.3728
-303.3867
-92.09451
20.37085
-303.4003
0
-34.32735
21.40168
-298.4926
-92.59099
21.39914
-298.5093
0
-33.83086
22.43046
-293.599
-93.08742
22.42732
-293.6187
0
-33.33431
23.45935
-288.7048
-93.58389
23.4556
-288.7278
0
-32.83777
24.48825
-283.8106
-94.08036
24.48386
-283.8369
0
-32.34122
25.51717
-278.9163
-94.57683
25.51212
-278.9461
0
-31.84468
26.54609
-274.022
-95.0733
26.54036
-274.0553
0
-31.34818
27.57492
-269.1281
-95.56973
27.5685
-269.165
0
-30.85164
28.60386
-264.2337
-96.06619
28.59673
-264.2743
0
-30.3551
29.6328
-259.3392
-96.56267
29.62494
-259.3836
0
-29.85855
30.66176
-254.4447
-97.05914
30.65315
-254.493
0
-29.36206
31.69063
-249.5507
-97.55556
31.68125
-249.6029
0
-28.86551
32.71961
-244.656
-98.05203
32.70944
-244.7124
0
-28.36897
33.74859
-239.7614
-98.54851
33.73762
-239.8219
0
-27.87243
34.77759
-234.8667
-99.04498
34.76579
-234.9315
0
-27.37593
35.80649
-229.9724
-99.5414
35.79385
-230.0416
0
-27.00378
36.78684
-225.0715
-99.91348
36.77425
-225.1393
0
-27.0522
37.60262
-220.1496
-99.86494
37.59318
-220.1967
0
-27.10064
38.4184
-215.2278
-99.8164
38.41211
-215.254
0
-27.14907
39.2342
-210.3058
-99.76786
39.23103
-210.3114
0
-27.1975
40.04991
-205.3844
-99.71931
40.04987
-205.3693
0
-27.24593
40.86571
-200.4624
-99.67078
40.86878
-200.4267
0
-27.29436
41.68151
-195.5405
-99.62224
41.68769
-195.4841
0
-27.34279
42.49731
-190.6184
-99.5737
42.50659
-190.5417
0
-27.39122
43.31305
-185.6969
-99.52516
43.32542
-185.5996
0
-27.43965
44.12886
-180.7748
-99.47662
44.14431
-180.6572
0
-27.45025
44.89289
-175.9508
-99.46524
44.94227
-175.6049
0
-27.44997
45.64202
-171.155
-99.46455
45.7342
-170.5211
0
-27.44969
46.39115
-166.3592
-99.46387
46.52614
-165.4373
0
-27.44941
47.14021
-161.5639
-99.46318
47.318
-160.3539
0
-27.44913
47.88933
-156.7682
-99.46249
48.10994
-155.2701
0
-27.44884
48.63846
-151.9724
-99.46181
48.90189
-150.1861
0
-27.44874
49.38634
-147.1153
-99.46133
49.67452
-145.1605
0
-27.44915
50.1307
-142.0872
-99.46146
50.39306
-140.2983
0
-27.44955
50.87514
-137.0586
-99.46159
51.11169
-135.4356
0
-27.44995
51.61957
-132.03
-99.46172
51.8303
-130.5729
0
-27.45036
52.364
-127.0014
-99.46185
52.54893
-125.7101
0
-27.45076
53.10843
-121.9727
-99.46198
53.26755
-120.8474
0
-27.45116
53.85201
-116.9447
-99.4621
53.98539
-115.9849
0
-27.45122
54.51127
-111.9239
-99.4621
54.62539
-111.0915
0
-27.45127
55.17053
-106.903
-99.46209
55.2654
-106.1981
0
-27.45132
55.82979
-101.8822
-99.46208
55.9054
-101.3048
0
-27.45138
56.48899
-96.86184
-99.46207
56.54534
-96.41186
0
-27.45143
57.14825
-91.84101
-99.46206
57.18534
-91.51849
0
-27.45148
57.80751
-86.82017
-99.46205
57.82535
-86.62511
0
-27.45153
58.46677
-81.79933
-99.46204
58.46535
-81.73174
0
-27.45155
59.07459
-76.82979
-99.46312
59.07008
-76.77728
0
-27.45154
59.65868
-71.88328
-99.46471
59.65855
-71.79385
0
-27.45153
60.24276
-66.93677
-99.46629
60.24703
-66.81039
0
-27.45153
60.82685
-61.99026
-99.46788
60.83551
-61.82695
0
-27.45152
61.41093
-57.04376
-99.46947
61.42398
-56.8435
0
-27.45152
61.99496
-52.09774
-99.47105
62.0124
-51.86054
0
-27.31668
62.66006
-47.11362
-99.87289
62.67253
-46.93907
0
-27.13721
63.35205
-42.1162
-100.4072
63.3563
-42.03896
0
-27.06764
63.87075
-37.12856
-100.5942
63.87193
-37.08741
0
-27.06676
64.28109
-32.14793
-100.5641
64.28248
-32.10378
0
-27.06587
64.69147
-27.16681
-100.5341
64.69305
-27.11967
0
-27.06498
65.10184
-22.18568
-100.504
65.10365
-22.13557
0
-27.0641
65.51221
-17.20456
-100.4739
65.51423
-17.15146
0
-27.06321
65.9226
-12.22343
-100.4438
65.92481
-12.16735
0
-27.06233
66.33293
-7.24279
-100.4138
66.33536
-7.183737
0
-27.06144
66.7433
-2.261659
-100.3837
66.74594
-2.199631
0
-27.06056
67.15369
2.71947
-100.3536
67.15652
2.784469
0
-27.05968
67.56406
7.700603
-100.3236
67.56711
7.768572
0
-27.05879
67.9744
12.68125
-100.2935
67.97766
12.75218
0
-27.05791
68.38477
17.66238
-100.2634
68.38824
17.73628
0
-27.05702
68.79514
22.64352
-100.2334
68.79882
22.72038
0
-27.05613
69.20553
27.62465
-100.2033
69.2094
27.70448
0
-27.05525
69.61586
32.6053
-100.1732
69.61995
32.68809
0
-27.05436
70.02625
37.58644
-100.1432
70.03053
37.67218
0
-27.05347
70.43661
42.56758
-100.1131
70.44112
42.65627
0
-27.05259
70.847
47.54872
-100.083
70.8517
47.64036
0
-27.05171
71.25737
52.52987
-100.053
71.26228
52.62445
0
-27.05082
71.6677
57.51052
-100.0229
71.67283
57.60805
0
-27.04994
72.07809
62.49166
-99.99283
72.08341
62.59214
0
-27.04905
72.48846
67.47281
-99.96277
72.49399
67.57623
0
-27.04817
72.89884
72.45396
-99.93269
72.90458
72.56031
0
-27.04728
73.30918
77.43462
-99.90263
73.31512
77.54391
0
-27.0464
73.71955
82.41576
-99.87256
73.7257
82.52799
0
-27.04638
73.90144
87.41336
-99.87007
73.90739
87.52185
0
-27.04644
74.06284
92.41244
-99.87004
74.06854
92.51658
0
-27.04649
74.22424
97.41151
-99.87001
74.2297
97.51131
0
-27.04654
74.3856
102.4101
-99.86998
74.39084
102.5056
0
-27.0466
74.547
107.4092
-99.86995
74.55199
107.5003
0
-27.04666
74.7084
112.4082
-99.86993
74.71314
112.495
0
-27.04671
74.86979
117.4073
-99.8699
74.87429
117.4897
0
-27.04677
75.03117
122.4059
-99.86987
75.03544
122.484
0
-27.04683
75.19256
127.405
-99.86985
75.19659
127.4787
0
-27.04689
75.35396
132.4041
-99.86983
75.35774
132.4734
0
-27.04694
75.51534
137.4031
-99.8698
75.5189
137.4682
0
-27.047
75.67673
142.4022
-99.86977
75.68005
142.4629
0
-27.04706
75.83812
147.4008
-99.86974
75.84119
147.4571
0
-27.04712
75.9995
152.3999
-99.86972
76.00234
152.4519
0
-27.04717
76.1609
157.3989
-99.86969
76.16349
157.4466
0
-27.04723
76.3223
162.398
-99.86967
76.32465
162.4413
0
-27.04729
76.48367
167.3966
-99.86964
76.48579
167.4356
0
-27.04734
76.64507
172.3957
-99.86961
76.64694
172.4303
0
-27.0474
76.80646
177.3947
-99.86958
76.80809
177.425
0
-27.04745
76.96785
182.3938
-99.86956
76.96924
182.4198
0
-27.04751
77.12923
187.3924
-99.86953
77.13039
187.414
0
-27.04757
77.29062
192.3915
-99.86951
77.29153
192.4087
0
-27.04762
77.45202
197.3905
-99.86948
77.45269
197.4035
0
-27.04768
77.6134
202.3896
-99.86945
77.61385
202.3982
0
-27.04774
77.7748
207.3887
-99.86942
77.77499
207.3929
0
-27.04778
77.92455
212.3873
-99.86941
77.92451
212.3873
0
-27.0476
77.81771
217.3857
-99.86954
77.8177
217.3856
0
-27.04742
77.71088
222.3842
-99.86969
77.71087
222.3838
0
-27.04723
77.60406
227.3827
-99.86983
77.60406
227.3821
0
-27.04705
77.49723
232.3807
-99.86996
77.49725
232.3799
0
-27.04686
77.3904
237.3792
-99.87012
77.39042
237.3781
0
-27.04668
77.28358
242.3777
-99.87025
77.28361
242.3764
0
-27.0465
77.17674
247.3761
-99.87039
77.17679
247.3746
0
-27.04631
77.06992
252.3746
-99.87053
77.06996
252.3729
0
-27.04613
76.9631
257.3726
-99.87067
76.96316
257.3707
0
-27.04595
76.85626
262.3711
-99.87082
76.85634
262.3689
0
-27.04576
76.74944
267.3696
-99.87096
76.74951
267.3672
0
-27.04558
76.64261
272.368
-99.8711
76.6427
272.3655
0
-27.04539
76.53578
277.366
-99.87124
76.53589
277.3632
0
-27.04521
76.42896
282.3645
-99.87138
76.42907
282.3615
0
-27.04503
76.32213
287.363
-99.87152
76.32225
287.3597
0
-27.04484
76.21529
292.3615
-99.87166
76.21543
292.358
0
-27.04466
76.10848
297.3595
-99.8718
76.10862
297.3558
0
-27.04448
76.00165
302.3579
-99.87195
76.0018
302.354
0
-27.04429
75.89481
307.3564
-99.87209
75.89498
307.3523
0
-27.04411
75.78798
312.3549
-99.87222
75.78816
312.3506
0
-27.04392
75.68116
317.3534
-99.87237
75.68134
317.3488
0
-27.04374
75.57433
322.3514
-99.87251
75.57453
322.3466
0
-27.04356
75.46751
327.3499
-99.87265
75.46772
327.3448
0
-27.04337
75.36068
332.3484
-99.87279
75.36089
332.3431
0
-27.04319
75.25385
337.3468
-99.87293
75.25407
337.3414
0
-27.04301
75.14703
342.3448
-99.87307
75.14727
342.3391
0
-27.04282
75.0402
347.3433
-99.87321
75.04044
347.3374
0
-27.04264
74.93336
352.3418
-99.87335
74.93362
352.3357
0
-27.04245
74.82653
357.3403
-99.87349
74.82681
357.3339
0
-27.04354
74.60912
362.3438
-99.87309
74.61262
362.3164
0
-27.04662
74.21857
367.3548
-99.87183
74.23031
367.2735
0
-27.04969
73.82797
372.3662
-99.87056
73.84796
372.2312
0
-27.05277
73.43739
377.3777
-99.86931
73.46561
377.1889
0
-27.05585
73.04679
382.3891
-99.86804
73.08326
382.1465
0
-27.05892
72.65623
387.4
-99.86678
72.70096
387.1037
0
-27.062
72.26564
392.4115
-99.86552
72.3186
392.0614
0
-27.06507
71.87505
397.4229
-99.86427
71.93626
397.019
0
-27.06815
71.48447
402.4343
-99.86301
71.55391
401.9767
0
-27.07123
71.09391
407.4453
-99.86174
71.17159
406.9339
0
-27.0743
70.70332
412.4567
-99.86048
70.78925
411.8916
0
-27.07738
70.31272
417.4681
-99.85922
70.4069
416.8493
0
-27.08046
69.92214
422.4795
-99.85796
70.02454
421.807
0
-27.08353
69.53155
427.4909
-99.85669
69.64219
426.7647
0
-27.08661
69.141
432.5019
-99.85544
69.25988
431.7219
0
-27.08968
68.7504
437.5133
-99.85417
68.87753
436.6796
0
-27.09275
68.35982
442.5247
-99.85292
68.49518
441.6373
0
-27.09583
67.96923
447.5361
-99.85165
68.11282
446.595
0
-27.09891
67.57868
452.547
-99.8504
67.73051
451.5522
0
-27.10199
67.1881
457.5584
-99.84914
67.34814
456.5099
0
-27.10506
66.79751
462.5698
-99.84787
66.9658
461.4676
0
-27.10814
66.40692
467.5812
-99.8466
66.58344
466.4253
0
-27.11121
66.01633
472.5926
-99.84535
66.20109
471.3831
0
-27.11429
65.62579
477.6035
-99.84409
65.81877
476.3403
0
-27.11736
65.23521
482.6149
-99.84283
65.43641
481.298
0
-27.12044
64.84463
487.6263
-99.84157
65.05405
486.2557
0
-27.12351
64.45403
492.6376
-99.84031
64.6717
491.2134
0
-27.27889
63.96915
497.6322
-99.8382
64.19352
496.1643
0
-27.68532
63.32875
502.6001
-99.8347
63.55728
501.1054
0
-28.09175
62.68837
507.5678
-99.8312
62.921
506.0467
0
-28.49817
62.04802
512.5353
-99.82771
62.28469
510.9881
0
-28.90458
61.4077
517.5027
-99.82423
61.64836
515.9298
0
-29.31096
60.76747
522.4692
-99.82074
61.01205
520.8712
0
-29.71736
60.12721
527.4362
-99.81728
60.37566
525.8132
0
-30.12376
59.48698
532.4029
-99.8138
59.73923
530.7556
0
-30.53016
58.84679
537.3694
-99.81035
59.10277
535.6979
0
-30.93651
58.20669
542.3353
-99.80688
58.46634
540.6402
0
-31.34288
57.56656
547.3014
-99.80344
57.82981
545.583
0
-31.74927
56.92645
552.2673
-99.79999
57.19326
550.5261
0
-32.15564
56.28638
557.233
-99.79654
56.55668
555.4694
0
-32.56197
55.6464
562.1981
-99.79311
55.92013
560.4123
0
-32.96833
55.00639
567.1635
-99.78968
55.28348
565.356
0
-33.37468
54.36641
572.1285
-99.78625
54.6468
570.2998
0
-33.78104
53.72646
577.0934
-99.78284
54.0101
575.2438
0
-34.18738
53.08654
582.0582
-99.77942
53.37336
580.1881
0
-34.59368
52.44672
587.0222
-99.77601
52.73666
585.1321
0
-35.00001
51.80686
591.9866
-99.7726
52.09986
590.0767
0
-35.40635
51.16703
596.9507
-99.76921
51.46303
595.0216
0
-35.81266
50.52724
601.9146
-99.76581
50.82617
599.9666
0
-36.21894
49.88754
606.8779
-99.76243
50.18934
604.9114
0
-36.62526
49.2478
611.8414
-99.75905
49.55242
609.8568
0
-37.03156
48.6081
616.8048
-99.75567
48.91547
614.8025
0
-37.43787
47.96843
621.7679
-99.7523
48.27848
619.7484
0
-37.84416
47.32878
626.7308
-99.74893
47.64147
624.6943
0
-38.24945
46.68752
631.6923
-99.74565
47.00249
629.6404
0
-38.51704
45.79947
636.5355
-99.75335
46.07861
634.6269
0
-38.78462
44.91128
641.3792
-99.76105
45.15488
639.6127
0
-39.05221
44.02294
646.2236
-99.76873
44.23128
644.598
0
-39.31977
43.13454
651.068
-99.77642
43.30793
649.5823
0
-39.58736
42.24591
655.9135
-99.78411
42.38463
654.5664
0
-39.85496
41.35713
660.7596
-99.7918
41.46148
659.55
0
-40.12255
40.4682
665.6062
-99.79948
40.53848
664.533
0
-40.39013
39.57921
670.4529
-99.80715
39.61571
669.515
0
-40.65773
38.68999
675.3007
-99.81483
38.693
674.4968
0
-40.92533
37.80063
680.149
-99.82251
37.77044
679.478
0
-41.19294
36.91112
684.998
-99.83018
36.84802
684.4588
0
-41.46055
36.02145
689.8475
-99.83785
35.92575
689.4389
0
-41.72813
35.13174
694.697
-99.84552
35.00372
694.418
0
-41.99574
34.24178
699.5477
-99.8532
34.08174
699.397
0
-42.26336
33.35168
704.3989
-99.86086
33.15991
704.3754
0
-42.53098
32.46144
709.2506
-99.86852
32.23823
709.3533
0
-42.79857
31.57113
714.1025
-99.87617
31.31678
714.3301
0
-43.06619
30.68059
718.9554
-99.88383
30.39539
719.3068
0
-43.33381
29.7899
723.809
-99.89148
29.47415
724.283
0
-43.60144
28.89907
728.663
-99.89914
28.55305
729.2585
0
-43.86907
28.00809
733.5176
-99.90679
27.6321
734.2335
0
-44.13668
27.11705
738.3724
-99.91444
26.71139
739.2075
0
-44.4043
26.22578
743.2281
-99.92208
25.79074
744.1813
0
-44.67194
25.33436
748.0845
-99.92973
24.87023
749.1545
0
-44.93958
24.44279
752.9415
-99.93737
23.94986
754.1273
0
-45.2072
23.55116
757.7985
-99.94501
23.02974
759.0989
0
-45.20653
22.4944
762.8657
-99.51775
22.1149
763.8179
0
