0.428728
0.424903
0.436703
0.459489
0.48459
0.506692
0.530509
0.556454
0.565093
0.559846
0.554512
0.54894
0.542425
0.535701
0.528665
0.521184
0.513101
0.50265
0.490922
0.477907
0.463297
0.446729
0.42766
0.404201
0.377581
0.346045
0.308431
0.290292
0.274318
0.268919
0.275647
0.278432
0.278172
0.275578
0.272544
0.274002
0.273381
0.27103
0.267232
0.262213
0.264447
0.271734
0.277787
0.28249
0.285717
0.287591
0.288228
0.28713
0.284199
0.279348
0.272476
0.263481
0.252224
0.257535
0.261877
0.264358
0.264129
0.265744
0.266925
0.280837
0.308449
0.342675
0.371074
0.39479
0.414679
0.431169
0.444768
0.45583
0.464696
0.471664
0.477316
0.482217
0.485835
0.488598
0.490448
0.491712
0.49253
0.492828
0.492885
0.492675
0.492786
0.493001
0.493224
0.493456
0.493436
0.493575
0.493701
0.493465
0.492947
0.491824
0.490224
0.487842
0.484387
0.479563
0.473135
0.464885
0.454124
0.43867
0.420103
0.401488
0.384935
0.365049
0.34051
0.312052
0.2823
0.255713
0.249522
0.240543
0.226397
0.21242
0.2
0.207011
0.207406
0.206696
0.2
0.210751
0.223326
0.236432
0.247824
0.26472
0.283224
0.31062
0.333247
0.356674
0.379413
0.398391
0.417969
0.436091
0.451434
0.463816
0.474021
0.481996
0.488303
0.485931
0.478836
0.477785
0.481945
0.487875
0.496712
0.503719
0.503109
0.502343
0.502595
0.502702
0.502712
0.502662
0.502572
0.502457
0.501603
0.500572
0.499548
0.498562
0.497553
0.496564
0.49556
0.493639
0.491263
0.49094
0.491962
0.49637
0.500161
0.501512
0.502222
0.501792
0.500464
0.498611
0.496265
0.493162
0.489056
0.483697
0.4769
0.468475
0.458087
0.445413
0.430129
0.411842
0.390167
0.365048
0.33546
0.310308
0.285753
0.2655
0.244866
0.230217
0.227418
0.235025
0.229437
0.21736
0.2
0.20421
0.20613
0.215138
0.219453
0.218536
0.212034
0.2
0.20776
0.217937
0.219454
0.212973
0.201713
0.2
0.215123
0.226468
0.228467
0.220403
0.2
0.216245
0.228947
0.233658
0.231494
0.223752
0.211673
0.239549
0.270775
0.298788
0.323405
0.344491
0.361985
0.382597
0.408247
0.436207
0.460434
0.463705
0.464478
0.46857
0.475046
0.480176
0.485933
0.49075
0.494827
0.497107
0.498598
0.499871
0.501048
0.502349
0.503889
0.505957
0.508812
0.512642
0.517717
0.524287
0.532597
0.542928
0.555533
0.570685
0.588697
0.607935
0.627141
0.650794
0.673394
0.694176
0.714637
0.728696
0.741935
0.75645
0.771292
0.785219
0.8
0.794678
0.79189
0.790783
0.793134
0.793188
0.796515
0.796151
0.8
0.798592
0.786407
0.777977
0.770735
0.76633
0.759165
0.753972
0.742135
0.729985
0.717928
0.706016
0.694291
0.677448
0.656614
0.636776
0.617804
0.599658
0.582353
0.565924
0.559463
0.556506
0.555138
0.555196
0.556516
0.558938
0.561177
0.548916
0.536523
0.52386
0.510763
0.49703
0.482415
0.466629
0.464999
0.467406
0.469528
0.471272
0.472572
0.473404
0.470842
0.467216
0.461899
0.455865
0.447779
0.43912
0.430283
0.42306
0.417909
0.416325
0.419754
0.429733
0.450836
0.472356
0.518807
0.580193
0.637168
0.659154
0.67948
0.698386
0.716073
0.732703
0.748415
0.763324
0.777528
0.791108
0.8
0.765262
0.726465
0.683193
0.634923
0.568184
0.529737
0.507247
0.494516
0.487844
0.484912
0.475704
0.468005
0.461312
0.455262
0.449621
0.44424
0.445737
0.449529
0.452898
0.455875
0.458488
0.460769
0.462748
0.464452
0.465908
0.467137
0.471698
0.479503
0.487362
0.495272
0.503233
0.50592
0.504567
0.503097
0.501518
0.499838
0.498065
0.496208
0.494275
0.492275
0.490244
0.491083
0.491849
0.492549
0.493189
0.493775
0.494311
0.494804
0.495248
0.495653
0.496026
0.496371
0.49669
0.496985
0.497259
0.497512
0.497748
0.497966
0.498168
0.498356
0.498529
0.498689
0.498837
0.498972
0.499096
0.499209
0.499311
0.499404
0.499488
0.499562
0.499629
0.499688
0.49974
0.499785
0.499824
0.499858
0.499887
0.499911
0.499932
0.499948
0.499962
0.499973
0.499982
0.499989
0.499994
0.499998
0.5
0.500002
0.500002
0.500002
0.500001
0.5
0.499999
0.499997
0.499995
0.499992
0.49999
0.499987
0.499984
0.499981
0.499977
0.499973
0.49997
0.499966
0.499961
0.499957
0.499952
0.499947
0.499943
0.499938
0.499932
0.499927
0.499922
0.499916
0.499911
0.499905
0.4999
0.499894
0.499889
0.499884
0.499879
0.499874
0.499888
0.499912
0.499936
0.499961
0.499987
0.500012
0.500103
0.500212
0.500321
0.50043
0.50054
0.500603
0.500508
0.500412
0.500318
0.500223
0.50013
0.500036
0.500007
0.499995
0.499983
0.499972
0.499962
0.499953
0.499944
0.499938
0.499939
0.49994
0.499942
0.499945
0.499948
0.499952
0.499957
0.499964
0.499979
0.499995
0.500012
0.500029
0.500047
0.500065
0.500085
0.500105
0.500125
0.500146
0.500167
0.500188
0.500211
0.500233
0.500255
0.500278
0.500299
0.500321
0.500337
0.50035
0.500363
0.500374
0.500385
0.500395
0.500404
0.500394
0.500237
0.500076
0.499913
0.499748
0.49958
0.49941
0.49909
0.498677
0.498218
0.497705
0.49713
0.498016
0.499084
0.500171
0.500821
0.50085
0.500875
0.500893
0.500898
0.500883
0.50084
0.500758
0.500624
0.500423
0.500135
0.499739
0.499206
0.498511
0.497626
0.496517
0.495145
0.493475
0.49147
0.489095
0.486313
0.483085
0.479385
0.475207
0.4705
0.46524
0.459408
0.452986
0.44596
0.438319
0.43005
0.421196
0.411737
0.401608
0.390946
0.379824
0.368306
0.36135
0.388618
0.41788
0.449532
0.484054
0.522028
0.564177
0.611394
0.642045
0.630556
0.620431
0.611869
0.605047
0.600114
0.597176
0.596298
0.597495
0.596709
0.597146
0.599516
0.599442
0.577239
0.558517
0.542547
0.528752
0.516683
0.50598
0.496362
0.487604
0.479531
0.472
0.464902
0.458148
0.451666
0.445663
0.439904
0.434278
0.428765
0.423351
0.424311
0.429683
0.434847
0.439806
0.444707
0.44933
0.453689
0.457747
0.461499
0.465029
0.468338
0.471433
0.474333
0.477022
0.479506
0.481794
0.483892
0.485808
0.487552
0.489132
0.490558
0.491838
0.492987
0.494019
0.494931
0.495734
0.496436
0.497048
0.497577
0.498033
0.498412
0.498729
0.498997
0.49922
0.49941
0.499565
0.499691
0.499792
0.499874
0.499937
0.499986
0.500022
0.500042
0.499991
0.499935
0.499873
0.499808
0.499741
0.499818
0.499896
0.499973
0.50005
0.500066
0.500062
0.500058
0.500054
0.500051
0.500047
0.500043
0.500039
0.500033
0.500027
0.500018
0.500007
0.499992
0.499974
0.499951
0.499921
0.499884
0.499838
0.499782
0.499713
0.49963
0.49953
0.49941
0.499268
0.499101
0.498906
0.498679
0.498416
0.498105
0.497744
0.497328
0.496851
0.496305
0.495683
0.494985
0.494199
0.493316
0.492327
0.491224
0.489998
0.48864
0.487141
0.485492
0.483684
0.481708
0.479556
0.47722
0.474691
0.471962
0.469025
0.46658
0.465841
0.464866
0.46365
0.462185
0.460465
0.458486
0.456244
0.453738
0.450967
0.447933
0.444637
0.441082
0.43727
0.433195
0.428848
0.428488
0.437309
0.446676
0.456736
0.46765
0.479611
0.492855
0.507675
0.524442
0.543625
0.565836
0.591869
0.622791
0.633718
0.628807
0.625761
0.624654
0.625505
0.628279
0.624681
0.592561
0.565688
0.54287
0.523243
0.506169
0.491157
0.477826
0.465875
0.455048
0.445212
0.444734
0.444271
0.443814
0.443359
0.444522
0.447101
0.449564
0.451916
0.454157
0.456289
0.458998
0.466031
0.473007
0.479926
0.486784
0.493579
0.500306
0.50696
0.513538
0.520034
0.52644
0.532753
0.538964
0.545067
0.551055
0.556921
0.562661
0.568271
0.574106
0.580293
0.586332
0.568241
0.540825
0.512306
0.482608
0.451646
0.41934
0.3856
0.366215
0.36176
0.357061
0.352129
0.346974
0.346246
0.352061
0.357641
0.362941
0.367909
0.372485
0.385403
0.403109
0.421961
0.442198
0.464097
0.487981
0.514261
0.517951
0.520597
0.522862
0.524811
0.526523
0.528078
0.529571
0.531097
0.532752
0.534633
0.536831
0.53943
0.541398
0.536317
0.531723
0.52763
0.524033
0.520755
0.517209
0.514051
0.511209
0.508592
0.506094
0.503595
0.500958
0.498026
0.494632
0.49059
0.485699
0.479743
0.472491
0.463697
0.453094
0.440392
0.427702
0.414223
0.397841
0.378291
0.355293
0.328578
0.297856
0.262785
0.236866
0.235885
0.231493
0.223803
0.226526
0.255138
0.280717
0.302848
0.325947
0.354338
0.3795
0.401554
0.420651
0.4372
0.454224
0.468356
0.479872
0.488878
0.495451
0.499211
0.495263
0.488498
0.47862
0.465262
0.447983
0.426293
0.399676
0.367438
0.329005
0.283737
0.27775
0.274322
0.266499
0.270963
0.285249
0.289777
0.284802
0.27227
0.252705
0.241002
0.225232
0.215898
0.214731
0.208561
0.2
0.211315
0.22079
0.226038
0.239953
0.242213
0.242844
0.248819
0.245895
0.246303
0.248475
0.242609
0.252828
0.256004
0.251614
0.266833
0.284741
0.295182
0.298518
0.326435
0.350256
0.367778
0.381419
0.391118
0.396664
0.406749
0.41343
0.417019
0.420852
0.43265
0.441772
0.448554
0.45348
0.456815
0.458689
0.460312
0.465482
0.469487
0.472469
0.475238
0.478913
0.481788
0.483913
0.485315
0.48603
0.48607
0.485435
0.48412
0.482589
0.482269
0.481194
0.479343
0.47671
0.473208
0.468288
0.462546
0.455978
0.448644
0.440599
0.432002
0.422028
0.411272
0.400957
0.392248
0.388853
0.389902
0.398694
0.423074
0.454567
0.488083
0.525206
0.568461
0.622545
0.653303
0.674055
0.692531
0.709472
0.725403
0.739292
0.721772
0.705503
0.690349
0.676173
0.652809
0.621656
0.601035
0.587941
0.580187
0.576211
0.574934
0.575624
0.577781
0.581057
0.585203
0.590029
0.595385
0.601149
0.60722
0.589126
0.568488
0.548062
0.527808
0.507679
0.487638
0.46764
0.455626
0.449637
0.444211
0.439273
0.434751
0.441314
0.448163
0.455086
0.462074
0.469123
0.476228
0.483171
0.487752
0.492424
0.497187
0.502042
0.506987
0.512023
0.51715
0.522368
0.52768
0.533086
0.53859
0.54119
0.541603
0.542037
0.54248
0.54292
0.543338
0.543716
0.541263
0.533418
0.524794
0.515225
0.504509
0.492399
0.478594
0.462714
0.444289
0.422736
0.397323
0.375653
0.373347
0.369047
0.362617
0.353985
0.343139
0.355594
0.396217
0.429853
0.458187
0.482414
0.503414
0.521843
0.538212
0.552913
0.566269
0.57628
0.57418
0.57233
0.570713
0.569328
0.568175
0.567258
0.566576
0.566132
0.565929
0.562725
0.557715
0.552952
0.548435
0.544161
0.540131
0.536344
0.532796
0.529485
0.526405
0.523551
0.520916
0.518491
0.51627
0.514243
0.512399
0.510729
0.509224
0.507871
0.506705
0.505685
0.504789
0.504005
0.503324
0.502734
0.502228
0.501795
0.501429
0.501121
0.500864
0.500651
0.500477
0.500335
0.500228
0.500147
0.500085
0.500039
0.500007
0.499986
0.499974
0.499966
0.499962
0.499963
0.499966
0.499971
0.499977
0.499985
0.499992
0.499999
0.499996
0.499993
0.499989
0.499984
0.499978
0.499972
0.499964
0.499959
0.499958
0.499956
0.499954
0.499951
0.499948
0.499945
0.499943
0.499942
0.499943
0.499948
0.499956
0.499971
0.499992
0.500023
0.500066
0.500123
0.500197
0.500292
0.500411
0.50056
0.500743
0.500964
0.501231
0.501549
0.501926
0.502368
0.502884
0.503487
0.504186
0.504989
0.505894
0.506915
0.508066
0.509355
0.510794
0.512391
0.514163
0.516115
0.518252
0.520584
0.523118
0.525856
0.528799
0.531964
0.535356
0.538974
0.542771
0.546788
0.551021
0.555469
0.560125
0.564986
0.570047
0.571593
0.572784
0.574258
0.57604
0.573049
0.565379
0.557401
0.54904
0.540214
0.530825
0.520757
0.509865
0.497972
0.484853
0.470222
0.453722
0.434897
0.413171
0.387805
0.391218
0.403269
0.413873
0.422795
0.429831
0.434805
0.437586
0.438087
0.43627
0.432152
0.4258
0.417331
0.406907
0.394722
0.380999
0.368558
0.436414
0.49224
0.539118
0.579215
0.614095
0.640453
0.628209
0.616436
0.60521
0.594955
0.585381
0.576425
0.568066
0.560294
0.553102
0.546415
0.540325
0.534798
0.5298
0.525337
0.521366
0.517869
0.514811
0.512154
0.509875
0.507942
0.506324
0.504987
0.503897
0.501735
0.498572
0.495593
0.49277
0.494949
0.497313
0.499769
0.500654
0.500595
0.500556
0.500534
0.500523
0.500517
0.500511
0.500504
0.500495
0.500481
0.500465
0.500445
0.500423
0.500398
0.500373
0.500347
0.500321
0.500296
0.500272
0.50025
0.500229
0.500211
0.500197
0.500187
0.500179
0.500174
0.500173
0.500174
0.500178
0.500186
0.500197
0.500211
0.500233
0.50026
0.50029
0.500323
0.500359
0.500398
0.500437
0.500471
0.500507
0.500546
0.500586
0.500628
0.500672
0.50072
0.500769
0.500819
0.500869
0.500919
0.500968
0.501017
0.501058
0.501094
0.501128
0.50116
0.50119
0.501218
0.499405
0.497022
0.496263
0.496499
0.496731
0.49696
0.497185
0.497407
0.497624
0.497838
0.498048
0.498254
0.498457
0.498656
0.498851
0.499042
0.499231
0.499415
0.499597
0.499776
0.499952
0.500126
0.500297
0.500467
0.500635
0.500802
0.500967
0.500936
0.500888
0.500838
0.500789
0.50074
0.500692
0.500644
0.500597
0.500552
0.500507
0.500465
0.500424
0.500385
0.500348
0.500314
0.500281
0.50025
0.500222
0.500195
0.500171
0.500149
0.500128
0.50011
0.500093
0.500079
0.500065
0.500054
0.500044
0.500035
0.500028
0.500022
0.500017
0.500013
0.50001
0.500008
0.500007
0.500007
0.500009
0.500013
0.500018
0.500026
0.500036
0.50005
0.500067
0.500089
0.500116
0.500149
0.500188
0.500236
0.500293
0.50036
0.500439
0.500532
0.500639
0.500763
0.500899
0.501048
0.501219
0.501414
0.501635
0.501884
0.502163
0.502475
0.502821
0.503204
0.503625
0.504088
0.504593
0.505144
0.505741
0.506387
0.507083
0.507832
0.508633
0.50949
0.510402
0.511371
0.512398
0.513484
0.514628
0.515832
0.517096
0.517414
0.516122
0.514875
0.513673
0.512517
0.511406
0.510339
0.509317
0.508338
0.507401
0.506505
0.505648
0.504828
0.504043
0.503289
0.502563
0.501861
0.501179
0.500511
0.499853
0.499197
0.498537
0.497865
0.497171
0.496447
0.495681
0.494863
0.493988
0.494067
0.494068
0.493975
0.49377
0.493438
0.49296
0.492318
0.491496
0.490472
0.489231
0.487752
0.486018
0.484012
0.481717
0.479119
0.476203
0.472958
0.469373
0.465442
0.461158
0.45652
0.451529
0.446187
0.440501
0.434479
0.428132
0.427689
